0,0,[44 179 313 569]
1,0,[21 30 625 527]
2,0,[13 2 329 166]
2,0,[92 294 154 315]
2,0,[265 53 384 363]
2,0,[94 326 148 344]
2,0,[92 303 149 320]
2,0,[92 270 150 288]
3,0,[11 42 380 608]
4,0,[119 322 299 453]
4,0,[77 0 358 66]
4,0,[96 84 364 269]
5,0,[165 6 267 157]
5,0,[216 296 320 353]
5,0,[164 418 293 460]
5,0,[220 381 315 432]
5,0,[212 557 285 639]
5,0,[298 553 400 585]
5,0,[173 380 216 404]
5,0,[220 360 318 411]
5,0,[122 446 140 462]
5,0,[197 243 213 256]
5,0,[174 228 215 270]
6,0,[239 128 370 231]
6,0,[128 268 292 363]
6,0,[271 240 394 345]
6,0,[208 420 349 556]
6,0,[106 121 272 226]
7,0,[408 159 473 305]
7,0,[186 384 212 392]
7,0,[279 438 315 451]
7,0,[194 99 229 111]
7,0,[270 293 315 338]
7,0,[197 135 224 147]
7,0,[195 83 231 100]
7,0,[197 148 222 161]
7,0,[227 371 259 426]
7,0,[197 123 225 134]
7,0,[176 431 310 520]
7,0,[187 370 211 379]
7,0,[196 112 226 124]
7,0,[195 73 228 85]
7,0,[257 71 309 87]
8,0,[180 271 425 378]
8,0,[219 436 450 517]
8,0,[266 352 475 480]
8,0,[275 1 478 44]
9,0,[242 420 346 579]
9,0,[323 517 446 643]
9,0,[343 355 466 517]
9,0,[58 263 122 411]
9,0,[81 22 493 629]
9,0,[248 528 389 617]
9,0,[50 357 110 456]
9,0,[363 175 399 211]
9,0,[206 525 265 622]
9,0,[121 351 178 496]
9,0,[102 449 149 548]
9,0,[44 233 101 326]
9,0,[406 215 485 297]
9,0,[155 332 211 476]
9,0,[382 396 432 422]
9,0,[84 114 129 211]
9,0,[415 477 474 586]
9,0,[220 255 293 405]
9,0,[403 421 434 472]
10,0,[341 190 469 653]
11,0,[18 122 609 331]
11,0,[599 -2 639 46]
11,0,[282 289 522 402]
11,0,[597 102 640 152]
11,0,[270 322 576 476]
11,0,[324 119 346 160]
11,0,[550 39 639 69]
11,0,[264 1 605 200]
11,0,[474 343 548 413]
11,0,[88 103 287 198]
12,0,[337 288 416 321]
12,0,[328 239 408 271]
12,0,[335 315 411 337]
12,0,[367 186 418 226]
12,0,[329 471 355 482]
12,0,[330 215 400 236]
12,0,[349 144 481 218]
12,0,[288 248 397 462]
12,0,[333 189 375 213]
12,0,[325 138 363 153]
12,0,[323 125 365 139]
12,0,[326 79 380 99]
12,0,[415 101 478 178]
12,0,[334 261 399 284]
12,0,[328 541 368 556]
12,0,[282 510 479 639]
12,0,[298 68 361 190]
12,0,[301 528 366 616]
13,0,[160 167 368 251]
13,0,[67 69 548 151]
13,0,[70 198 343 422]
14,0,[52 -4 617 566]
15,0,[71 18 418 393]
15,0,[310 505 423 636]
15,0,[326 451 364 472]
15,0,[328 463 365 484]
15,0,[332 478 370 490]
16,0,[67 356 494 582]
16,0,[60 43 416 269]
16,0,[97 194 459 422]
16,0,[170 322 229 337]
16,0,[283 437 299 470]
16,0,[222 249 257 330]
16,0,[178 460 224 482]
16,0,[116 49 462 601]
17,0,[155 212 325 317]
17,0,[174 439 329 502]
17,0,[88 456 114 482]
17,0,[153 329 331 420]
17,0,[240 24 323 160]
18,0,[135 528 188 558]
18,0,[76 73 127 96]
18,0,[23 208 53 233]
18,0,[162 568 198 594]
18,0,[153 592 200 621]
18,0,[17 272 56 298]
18,0,[26 374 50 386]
18,0,[100 77 104 82]
18,0,[19 540 43 551]
18,0,[56 631 74 639]
19,0,[100 245 122 296]
19,0,[287 2 327 122]
19,0,[102 158 130 215]
20,0,[148 238 197 293]
21,0,[44 245 339 612]
22,0,[133 99 573 545]
22,0,[219 4 480 84]
22,0,[266 81 476 157]
22,0,[207 493 573 628]
22,0,[232 142 387 223]
22,0,[259 453 348 512]
22,0,[231 64 321 102]
23,0,[20 14 482 629]
23,0,[369 462 481 638]
23,0,[10 -8 153 243]
24,0,[149 442 226 517]
24,0,[53 28 589 620]
25,0,[256 1 568 124]
25,0,[398 64 445 104]
26,0,[30 246 357 578]
26,0,[210 388 364 582]
26,0,[197 378 345 469]
27,0,[275 160 541 215]
27,0,[63 -5 649 443]
28,0,[57 391 84 477]
29,0,[39 30 468 321]
29,0,[233 18 309 98]
30,0,[305 251 389 382]
30,0,[39 184 85 231]
30,0,[201 236 217 242]
31,0,[205 34 363 124]
31,0,[214 185 344 283]
31,0,[216 547 268 590]
31,0,[246 108 353 210]
31,0,[273 217 293 242]
31,0,[253 432 260 440]
32,0,[85 223 337 503]
33,0,[216 448 232 469]
33,0,[174 445 191 469]
33,0,[141 299 162 336]
33,0,[195 97 219 138]
33,0,[185 -2 204 23]
33,0,[130 229 148 267]
33,0,[179 599 190 618]
33,0,[184 157 196 182]
33,0,[317 454 339 469]
33,0,[317 526 337 548]
33,0,[307 242 340 254]
33,0,[313 347 321 354]
33,0,[322 501 340 517]
34,0,[72 83 332 183]
34,0,[83 173 333 275]
34,0,[131 287 338 444]
34,0,[131 287 338 444]
34,0,[184 198 232 270]
35,0,[273 20 411 122]
35,0,[240 258 412 362]
35,0,[326 212 356 239]
35,0,[304 103 404 227]
35,0,[5 37 255 601]
35,0,[221 3 295 36]
35,0,[193 17 241 44]
35,0,[237 18 299 65]
35,0,[208 196 239 225]
35,0,[192 74 240 104]
35,0,[186 247 236 277]
35,0,[200 144 240 187]
35,0,[211 544 235 568]
36,0,[319 240 618 388]
36,0,[282 327 303 377]
36,0,[309 300 338 360]
36,0,[233 111 256 154]
36,0,[307 417 344 478]
36,0,[256 139 294 189]
36,0,[308 357 342 419]
36,0,[257 188 295 239]
36,0,[231 157 257 200]
36,0,[257 89 290 140]
36,0,[259 42 286 90]
36,0,[232 203 267 249]
36,0,[236 65 261 108]
36,0,[201 449 279 520]
36,0,[308 474 343 521]
36,0,[309 228 343 307]
36,0,[281 435 304 487]
36,0,[261 0 287 41]
36,0,[230 21 328 497]
36,0,[236 17 263 62]
36,0,[253 239 302 295]
36,0,[233 250 268 300]
36,0,[285 71 309 120]
36,0,[284 122 305 172]
36,0,[281 380 305 432]
36,0,[252 387 283 444]
36,0,[235 -2 264 17]
36,0,[334 238 351 298]
37,0,[267 92 417 169]
37,0,[230 139 260 168]
38,0,[180 347 368 493]
39,0,[290 69 321 165]
40,0,[30 30 399 416]
40,0,[202 438 276 615]
41,0,[32 -2 480 370]
41,0,[12 164 409 356]
42,0,[120 313 169 354]
42,0,[127 396 178 418]
43,0,[218 339 347 433]
43,0,[237 -4 474 408]
43,0,[228 249 320 338]
43,0,[133 188 227 238]
43,0,[-36 427 415 574]
43,0,[190 97 233 114]
43,0,[195 521 225 526]
43,0,[195 508 226 514]
43,0,[197 495 226 503]
43,0,[195 532 224 538]
43,0,[169 491 175 531]
43,0,[158 495 166 527]
43,0,[193 455 224 462]
43,0,[192 435 225 442]
43,0,[148 446 182 452]
43,0,[191 543 227 550]
43,0,[195 446 223 453]
43,0,[98 532 135 539]
44,0,[45 96 631 348]
45,0,[100 138 338 537]
45,0,[242 563 288 580]
45,0,[210 8 232 26]
45,0,[233 556 258 565]
45,0,[207 31 233 59]
46,0,[33 44 333 406]
47,0,[211 238 313 319]
47,0,[90 244 474 631]
47,0,[313 38 475 337]
48,0,[129 176 468 484]
48,0,[31 332 478 619]
48,0,[263 318 299 357]
49,0,[47 327 368 519]
49,0,[96 13 243 261]
49,0,[193 -9 412 247]
49,0,[201 411 395 544]
49,0,[45 134 169 300]
49,0,[39 207 123 314]
49,0,[4 226 64 332]
51,0,[167 286 374 540]
51,0,[163 -10 421 297]
51,0,[342 206 373 233]
51,0,[148 348 172 393]
51,0,[315 353 479 558]
51,0,[317 284 341 347]
52,0,[80 313 119 345]
52,0,[115 327 157 370]
52,0,[413 458 466 507]
52,0,[100 246 137 287]
52,0,[93 282 122 312]
52,0,[124 352 164 396]
52,0,[109 389 143 442]
52,0,[319 175 352 205]
52,0,[334 239 383 283]
52,0,[424 411 469 463]
52,0,[303 127 336 165]
52,0,[108 510 141 560]
52,0,[397 351 439 392]
52,0,[252 287 344 372]
52,0,[116 461 155 514]
52,0,[252 258 345 305]
52,0,[95 191 122 220]
52,0,[142 31 160 53]
52,0,[383 434 431 473]
52,0,[305 208 340 238]
52,0,[103 440 142 507]
52,0,[287 88 320 120]
52,0,[146 111 181 151]
52,0,[158 77 173 101]
52,0,[245 233 319 300]
53,0,[70 118 227 256]
53,0,[258 202 288 223]
54,0,[100 126 398 455]
54,0,[291 441 344 490]
54,0,[205 401 243 431]
54,0,[199 364 233 385]
54,0,[198 352 233 379]
54,0,[279 9 358 103]
55,0,[25 69 413 580]
56,0,[127 487 481 610]
56,0,[104 300 359 396]
56,0,[81 176 470 330]
56,0,[125 385 366 471]
56,0,[146 118 204 145]
56,0,[128 571 227 618]
56,0,[140 49 223 88]
56,0,[199 -6 483 168]
56,0,[130 146 281 192]
56,0,[126 395 172 416]
56,0,[335 323 401 481]
56,0,[320 269 370 400]
57,0,[126 245 338 438]
57,0,[106 183 207 221]
57,0,[95 68 282 153]
57,0,[106 448 170 480]
57,0,[107 36 167 54]
57,0,[108 232 167 262]
57,0,[119 433 159 447]
57,0,[115 56 158 72]
57,0,[121 409 157 423]
57,0,[108 269 161 292]
57,0,[115 390 161 406]
57,0,[108 45 163 456]
57,0,[116 171 155 186]
57,0,[115 310 156 331]
57,0,[115 143 137 158]
57,0,[115 384 160 399]
58,0,[78 329 314 524]
58,0,[98 23 328 359]
58,0,[98 23 328 359]
59,0,[0 293 229 519]
59,0,[128 74 422 629]
60,0,[253 7 647 309]
60,0,[14 105 527 428]
61,0,[43 285 387 486]
61,0,[355 187 394 632]
62,0,[183 233 541 419]
62,0,[288 42 527 157]
63,0,[8 128 156 331]
63,0,[4 0 155 79]
63,0,[0 421 71 458]
63,0,[120 18 475 628]
63,0,[4 481 75 528]
63,0,[105 275 171 354]
63,0,[8 567 85 638]
63,0,[195 123 310 333]
64,0,[71 158 421 393]
65,0,[100 145 269 278]
65,0,[237 135 308 229]
65,0,[254 283 281 292]
65,0,[261 304 270 325]
66,0,[39 183 132 304]
66,0,[67 202 168 283]
67,0,[114 156 602 374]
67,0,[93 289 561 436]
67,0,[160 373 201 432]
68,0,[280 148 293 161]
69,0,[271 398 310 478]
69,0,[171 286 396 413]
69,0,[38 594 249 640]
69,0,[85 301 221 398]
70,0,[108 179 409 445]
70,0,[160 579 193 638]
70,0,[150 542 182 597]
70,0,[141 469 163 507]
70,0,[148 509 169 537]
71,0,[17 462 147 596]
71,0,[394 112 476 332]
71,0,[327 340 390 484]
71,0,[258 182 316 249]
72,0,[135 35 644 383]
72,0,[221 214 387 404]
72,0,[329 344 357 371]
73,0,[365 84 635 248]
73,0,[265 175 487 292]
73,0,[269 252 290 273]
73,0,[549 99 621 136]
74,0,[43 172 199 262]
74,0,[55 64 206 169]
74,0,[199 51 473 205]
74,0,[53 144 187 206]
74,0,[47 111 120 158]
75,0,[136 38 314 617]
75,0,[234 308 296 337]
75,0,[223 399 293 427]
75,0,[245 378 292 401]
75,0,[183 82 200 108]
75,0,[160 387 196 414]
75,0,[238 350 278 378]
75,0,[263 363 295 386]
75,0,[185 125 199 141]
75,0,[159 410 196 438]
75,0,[161 163 199 200]
75,0,[247 334 293 362]
75,0,[158 375 196 393]
75,0,[164 292 198 320]
76,0,[84 80 464 530]
76,0,[93 36 147 84]
76,0,[10 37 46 69]
76,0,[78 91 126 135]
76,0,[48 73 80 90]
76,0,[48 48 77 64]
76,0,[22 71 50 90]
76,0,[93 515 125 571]
76,0,[47 62 81 74]
76,0,[-1 69 25 96]
76,0,[49 82 80 98]
76,0,[6 53 46 80]
77,0,[103 258 302 611]
77,0,[8 22 297 201]
77,0,[11 2 117 37]
78,0,[95 266 410 354]
78,0,[150 336 467 414]
78,0,[186 211 415 294]
78,0,[153 117 383 200]
78,0,[188 407 480 516]
78,0,[178 389 471 465]
78,0,[192 495 476 638]
78,0,[112 412 233 500]
78,0,[197 30 395 106]
78,0,[221 205 321 262]
78,0,[298 49 400 91]
78,0,[123 354 197 406]
78,0,[151 191 359 269]
79,0,[307 121 376 335]
80,0,[173 161 546 286]
83,0,[78 55 566 588]
83,0,[486 286 572 370]
83,0,[362 279 574 348]
84,0,[252 111 275 151]
84,0,[253 176 272 208]
84,0,[221 302 236 328]
84,0,[246 303 262 329]
84,0,[243 363 259 385]
85,0,[89 253 260 344]
85,0,[198 313 323 511]
85,0,[67 11 111 74]
85,0,[276 243 374 483]
85,0,[203 1 356 134]
86,0,[23 1 617 317]
86,0,[244 128 633 207]
87,0,[31 101 229 217]
87,0,[46 383 349 482]
87,0,[33 239 280 337]
87,0,[40 534 354 638]
87,0,[64 485 231 522]
87,0,[39 510 327 567]
87,0,[17 301 342 396]
87,0,[94 152 177 175]
87,0,[96 58 153 80]
87,0,[98 42 153 61]
87,0,[90 529 175 546]
87,0,[100 397 172 421]
87,0,[66 118 95 145]
88,0,[75 3 227 407]
88,0,[-1 0 164 56]
88,0,[188 136 338 447]
89,0,[36 348 217 453]
89,0,[73 2 352 406]
89,0,[131 265 293 411]
90,0,[33 114 382 431]
90,0,[310 0 348 59]
91,0,[269 189 382 244]
91,0,[334 89 396 108]
91,0,[348 67 398 84]
91,0,[369 202 386 236]
91,0,[305 373 340 382]
91,0,[358 129 371 136]
91,0,[358 117 374 125]
91,0,[356 156 371 164]
91,0,[352 178 372 188]
91,0,[357 143 370 149]
91,0,[385 151 420 340]
91,0,[353 163 370 171]
92,0,[126 126 427 317]
92,0,[237 32 431 123]
92,0,[401 0 634 432]
92,0,[225 371 389 428]
92,0,[252 0 451 54]
92,0,[399 178 495 403]
92,0,[283 341 397 400]
92,0,[353 295 400 314]
93,0,[238 106 365 315]
94,0,[39 105 462 610]
94,0,[20 573 247 641]
94,0,[98 -6 450 245]
94,0,[-3 143 45 210]
95,0,[288 425 329 524]
95,0,[221 192 267 288]
95,0,[326 476 411 527]
96,0,[87 499 418 631]
96,0,[206 402 295 469]
96,0,[203 497 395 596]
96,0,[214 18 287 73]
96,0,[212 -2 286 30]
96,0,[227 193 256 264]
97,0,[145 46 397 142]
97,0,[182 125 408 204]
97,0,[135 478 271 562]
97,0,[211 385 401 457]
97,0,[46 204 157 264]
97,0,[129 209 232 275]
97,0,[126 146 224 209]
97,0,[85 335 232 375]
97,0,[252 181 279 198]
97,0,[139 0 225 33]
97,0,[117 307 235 350]
97,0,[311 393 358 417]
98,0,[258 109 513 438]
98,0,[114 330 552 637]
98,0,[9 25 305 413]
99,0,[22 64 430 490]
99,0,[50 211 306 442]
99,0,[188 296 427 526]
99,0,[226 64 262 102]
100,0,[13 2 638 419]
100,0,[142 288 281 376]
100,0,[20 270 232 420]
101,0,[187 200 325 271]
102,0,[372 387 483 611]
102,0,[-6 117 469 640]
102,0,[267 27 482 140]
103,0,[178 24 286 183]
103,0,[111 359 323 502]
103,0,[265 169 287 199]
103,0,[310 354 338 399]
103,0,[254 232 323 390]
103,0,[235 204 262 242]
104,0,[196 60 372 252]
104,0,[134 146 192 208]
104,0,[160 221 214 281]
104,0,[202 174 394 263]
105,0,[135 265 399 357]
105,0,[210 312 285 394]
106,0,[68 44 365 536]
107,0,[438 129 632 250]
107,0,[138 27 625 433]
108,0,[61 72 368 255]
108,0,[85 29 477 395]
109,0,[224 159 510 440]
109,0,[61 6 579 478]
109,0,[201 243 357 442]
110,0,[183 48 394 428]
110,0,[211 491 371 638]
111,0,[107 38 352 298]
111,0,[-1 1 236 120]
111,0,[106 129 291 350]
111,0,[27 101 364 485]
112,0,[207 272 329 374]
113,0,[16 111 338 380]
114,0,[99 355 223 504]
115,0,[117 456 242 501]
116,0,[155 167 200 306]
116,0,[99 1 234 122]
116,0,[180 124 199 158]
116,0,[14 121 111 248]
117,0,[55 -15 313 576]
118,0,[365 223 484 416]
118,0,[378 -2 482 116]
118,0,[394 424 454 495]
118,0,[403 201 429 232]
118,0,[401 407 440 433]
118,0,[396 500 442 548]
118,0,[376 101 441 188]
118,0,[376 101 441 188]
119,0,[178 347 404 449]
119,0,[24 550 271 608]
119,0,[211 242 413 387]
119,0,[201 155 410 281]
119,0,[15 422 255 489]
119,0,[21 480 95 533]
119,0,[7 401 91 445]
119,0,[-4 615 298 638]
119,0,[4 179 137 442]
119,0,[27 526 264 578]
119,0,[28 428 92 481]
120,0,[121 16 366 601]
121,0,[87 49 654 393]
122,0,[47 300 92 355]
122,0,[205 19 472 345]
123,0,[273 93 629 353]
123,0,[418 326 598 423]
124,0,[90 124 521 523]
124,0,[376 78 430 99]
124,0,[314 572 405 609]
124,0,[317 505 384 568]
124,0,[384 113 429 128]
124,0,[308 186 369 258]
126,0,[416 24 479 163]
126,0,[208 488 357 564]
126,0,[190 333 370 428]
126,0,[101 220 326 287]
126,0,[127 189 535 640]
126,0,[398 11 456 125]
127,0,[243 117 567 391]
127,0,[355 92 584 323]
127,0,[77 43 207 389]
128,0,[291 365 360 440]
128,0,[173 314 228 332]
128,0,[253 78 310 102]
128,0,[282 348 307 373]
128,0,[169 400 221 420]
128,0,[170 337 228 355]
128,0,[246 61 315 82]
128,0,[167 393 221 408]
128,0,[204 63 247 78]
128,0,[201 30 247 47]
128,0,[250 31 300 52]
128,0,[219 134 249 148]
128,0,[219 159 250 173]
128,0,[185 299 215 310]
128,0,[219 148 250 160]
129,0,[17 185 347 398]
129,0,[67 47 364 276]
129,0,[141 368 366 494]
129,0,[154 278 270 353]
129,0,[227 86 256 121]
130,0,[86 13 243 317]
131,0,[225 78 432 339]
131,0,[296 271 344 293]
132,0,[152 97 654 427]
132,0,[207 20 372 179]
132,0,[194 1 335 48]
132,0,[315 191 359 243]
133,0,[130 402 482 563]
133,0,[156 2 486 124]
133,0,[352 260 378 413]
134,0,[26 20 336 625]
134,0,[378 67 472 546]
135,0,[61 385 132 470]
136,0,[44 217 410 400]
136,0,[368 232 421 377]
137,0,[278 152 388 204]
137,0,[326 126 412 256]
137,0,[280 471 357 591]
137,0,[259 151 285 222]
137,0,[262 396 332 422]
137,0,[304 304 352 350]
138,0,[264 90 398 558]
139,0,[142 444 210 470]
139,0,[207 297 497 510]
139,0,[237 132 529 237]
139,0,[238 256 310 280]
139,0,[129 345 198 374]
139,0,[238 314 312 337]
139,0,[237 238 309 256]
139,0,[232 285 315 317]
139,0,[24 0 536 120]
139,0,[63 61 366 257]
139,0,[291 492 331 515]
139,0,[288 469 331 493]
140,0,[139 280 184 332]
140,0,[9 152 85 222]
141,0,[339 125 375 171]
141,0,[334 229 376 288]
142,0,[136 149 310 479]
142,0,[236 49 276 108]
142,0,[229 9 306 46]
142,0,[233 0 285 15]
143,0,[168 391 222 484]
143,0,[330 0 494 121]
143,0,[250 0 334 101]
143,0,[168 391 222 484]
144,0,[4 9 409 623]
145,0,[135 235 179 302]
145,0,[226 218 273 305]
145,0,[187 186 221 271]
145,0,[21 239 77 314]
145,0,[1 448 60 646]
145,0,[122 203 153 255]
145,0,[389 190 416 310]
145,0,[356 305 406 457]
145,0,[119 310 193 439]
145,0,[120 190 149 217]
145,0,[368 176 392 245]
145,0,[63 214 102 273]
146,0,[2 1 361 502]
146,0,[255 85 357 250]
147,0,[102 64 411 244]
148,0,[9 358 127 439]
149,0,[-2 379 328 642]
149,0,[136 301 310 529]
149,0,[-5 2 340 211]
150,0,[125 71 259 477]
151,0,[110 142 594 352]
151,0,[274 51 543 257]
152,0,[457 109 639 209]
152,0,[112 154 333 400]
153,0,[353 87 644 412]
153,0,[146 66 506 257]
153,0,[-3 296 187 386]
153,0,[-4 12 182 89]
153,0,[443 46 495 100]
154,0,[61 201 210 286]
154,0,[19 258 35 283]
155,0,[191 256 412 603]
155,0,[246 110 410 221]
155,0,[247 10 410 152]
156,0,[66 41 436 603]
156,0,[255 10 364 52]
156,0,[187 316 257 381]
156,0,[2 58 32 70]
157,0,[102 64 231 121]
157,0,[136 268 333 449]
157,0,[132 414 233 454]
157,0,[145 9 255 167]
157,0,[149 568 235 601]
157,0,[301 283 333 363]
157,0,[137 528 232 565]
157,0,[183 410 238 439]
157,0,[143 457 225 489]
158,0,[55 135 232 214]
159,0,[186 286 226 334]
159,0,[191 221 228 279]
159,0,[162 291 200 316]
159,0,[205 148 220 161]
159,0,[200 93 278 654]
159,0,[262 49 278 59]
159,0,[216 332 227 342]
161,0,[39 171 281 314]
161,0,[53 52 341 442]
161,0,[310 24 375 119]
161,0,[307 286 361 352]
161,0,[113 313 156 388]
161,0,[116 468 161 487]
161,0,[326 219 381 289]
161,0,[307 133 370 198]
161,0,[150 127 261 372]
161,0,[150 127 261 372]
161,0,[296 469 355 498]
162,0,[94 33 417 616]
162,0,[88 90 315 335]
162,0,[73 330 340 592]
163,0,[297 279 446 457]
163,0,[188 373 236 458]
163,0,[1 181 126 235]
163,0,[307 270 443 363]
163,0,[210 370 387 443]
164,0,[272 14 411 172]
164,0,[65 64 107 93]
164,0,[74 395 179 640]
164,0,[81 173 108 201]
164,0,[87 220 155 244]
164,0,[10 6 42 151]
165,0,[51 227 198 301]
165,0,[70 -2 444 650]
165,0,[67 169 183 235]
165,0,[38 55 173 106]
165,0,[172 15 359 266]
165,0,[17 123 157 193]
165,0,[291 216 413 350]
165,0,[90 95 166 157]
165,0,[13 110 106 163]
166,0,[283 281 311 317]
166,0,[284 379 321 414]
166,0,[262 583 279 606]
166,0,[284 329 316 365]
166,0,[274 231 298 257]
166,0,[284 315 316 339]
166,0,[274 183 297 200]
166,0,[254 83 262 96]
166,0,[251 133 258 144]
166,0,[258 290 268 305]
166,0,[251 107 259 118]
166,0,[256 285 265 299]
166,0,[249 164 256 174]
166,0,[250 169 258 184]
166,0,[249 103 258 114]
167,0,[205 247 263 300]
167,0,[238 157 292 246]
167,0,[237 355 263 380]
167,0,[263 228 292 435]
168,0,[29 204 166 353]
168,0,[17 375 385 638]
168,0,[125 189 166 241]
168,0,[58 247 205 400]
168,0,[23 191 124 272]
168,0,[23 191 124 272]
169,0,[68 211 241 304]
169,0,[122 5 137 14]
170,0,[166 229 274 435]
170,0,[66 100 429 632]
170,0,[151 202 215 317]
171,0,[106 195 251 323]
171,0,[16 24 364 485]
172,0,[-18 127 450 411]
172,0,[138 137 271 275]
173,0,[33 52 428 352]
173,0,[164 327 320 623]
173,0,[125 605 158 632]
174,0,[207 25 573 584]
175,0,[-1 2 433 529]
176,0,[147 284 272 384]
176,0,[247 260 294 353]
177,0,[375 42 656 461]
178,0,[10 62 155 479]
178,0,[73 15 415 547]
179,0,[191 141 296 214]
179,0,[192 326 285 389]
179,0,[197 263 284 328]
179,0,[191 204 286 265]
179,0,[136 4 276 48]
179,0,[136 431 274 479]
179,0,[130 110 275 152]
179,0,[194 386 288 453]
179,0,[130 392 221 439]
179,0,[131 352 240 402]
179,0,[132 40 281 81]
179,0,[89 1 166 51]
179,0,[125 316 242 362]
179,0,[83 47 160 99]
179,0,[124 250 231 293]
179,0,[124 212 226 257]
179,0,[29 394 112 441]
179,0,[184 70 304 135]
179,0,[35 58 120 112]
179,0,[125 146 233 186]
179,0,[83 96 159 147]
179,0,[82 407 163 454]
179,0,[59 331 77 337]
179,0,[27 163 114 214]
179,0,[26 351 110 397]
179,0,[32 44 265 452]
179,0,[52 282 64 290]
179,0,[82 317 155 369]
179,0,[87 447 184 491]
179,0,[119 182 231 221]
179,0,[23 211 107 262]
179,0,[62 410 77 416]
179,0,[85 365 162 411]
179,0,[87 145 155 189]
179,0,[67 224 152 280]
179,0,[27 112 115 164]
179,0,[226 103 243 110]
179,0,[25 312 110 361]
179,0,[20 260 110 311]
179,0,[124 290 231 327]
179,0,[138 73 221 116]
180,0,[43 149 358 357]
180,0,[179 185 478 334]
180,0,[37 173 137 228]
180,0,[121 143 234 191]
181,0,[204 416 245 449]
181,0,[216 37 254 80]
181,0,[274 310 309 335]
181,0,[325 250 368 278]
181,0,[193 72 225 94]
181,0,[259 14 288 50]
181,0,[224 392 247 413]
181,0,[296 473 328 500]
181,0,[214 339 251 372]
181,0,[293 225 321 259]
181,0,[298 505 327 536]
181,0,[281 256 302 281]
181,0,[315 482 340 512]
182,0,[126 27 475 638]
182,0,[216 135 334 216]
182,0,[235 421 330 481]
182,0,[221 271 333 337]
183,0,[55 166 345 327]
183,0,[59 382 107 484]
184,0,[-10 301 215 426]
184,0,[382 47 469 178]
184,0,[392 108 558 215]
184,0,[115 184 197 246]
184,0,[409 359 635 453]
184,0,[87 17 657 440]
184,0,[10 199 123 448]
185,0,[73 295 314 577]
185,0,[187 77 406 331]
185,0,[256 428 305 492]
186,0,[44 67 347 372]
187,0,[275 443 382 498]
187,0,[98 233 244 378]
187,0,[343 118 387 144]
187,0,[327 31 354 61]
187,0,[221 284 266 326]
188,0,[5 31 369 326]
188,0,[-2 368 87 494]
188,0,[195 321 277 440]
188,0,[-1 189 61 282]
188,0,[7 241 74 411]
188,0,[293 4 366 191]
188,0,[9 2 135 89]
189,0,[110 154 446 477]
190,0,[270 413 341 500]
191,0,[-8 238 426 462]
191,0,[124 150 189 226]
191,0,[363 191 423 248]
191,0,[342 243 416 303]
191,0,[346 511 418 564]
191,0,[356 557 427 618]
191,0,[202 167 267 222]
191,0,[327 457 416 516]
191,0,[364 115 425 174]
191,0,[280 177 356 238]
191,0,[280 92 358 160]
191,0,[354 46 426 121]
191,0,[198 117 266 169]
191,0,[110 426 237 476]
191,0,[198 210 264 255]
191,0,[131 471 185 502]
191,0,[273 239 319 296]
192,0,[347 240 397 334]
192,0,[12 30 104 132]
192,0,[336 210 364 240]
192,0,[337 178 345 187]
192,0,[338 188 346 196]
193,0,[303 184 474 282]
193,0,[443 218 484 268]
194,0,[-4 314 423 540]
194,0,[195 514 421 579]
194,0,[113 494 172 557]
194,0,[66 27 144 79]
194,0,[141 28 272 105]
194,0,[71 509 150 569]
194,0,[100 564 171 627]
194,0,[25 541 93 586]
194,0,[142 229 190 279]
194,0,[44 573 115 624]
194,0,[0 392 116 431]
194,0,[93 261 159 307]
194,0,[217 9 276 78]
194,0,[38 7 112 49]
194,0,[121 284 190 326]
194,0,[-2 388 18 422]
194,0,[152 0 239 36]
194,0,[89 218 157 268]
194,0,[148 181 192 231]
195,0,[94 65 354 444]
195,0,[22 164 248 420]
196,0,[226 35 327 600]
196,0,[54 216 223 444]
196,0,[30 -31 321 677]
197,0,[75 520 217 621]
197,0,[186 402 230 611]
197,0,[138 432 184 527]
198,0,[98 434 178 477]
199,0,[194 51 293 472]
200,0,[144 66 267 156]
200,0,[146 236 320 322]
200,0,[138 392 306 434]
200,0,[112 433 291 611]
200,0,[135 178 313 240]
200,0,[161 523 280 619]
200,0,[113 249 189 363]
200,0,[132 31 225 136]
201,0,[126 170 548 477]
201,0,[42 328 435 619]
201,0,[225 19 550 211]
202,0,[283 350 297 378]
202,0,[278 435 293 461]
202,0,[253 313 265 331]
202,0,[252 216 262 236]
202,0,[159 201 200 227]
202,0,[229 295 236 329]
203,0,[9 100 356 456]
203,0,[105 136 220 267]
204,0,[117 7 396 345]
204,0,[0 260 229 617]
204,0,[295 413 403 632]
204,0,[271 24 320 80]
204,0,[16 32 411 618]
204,0,[317 135 339 178]
204,0,[262 98 327 179]
205,0,[171 96 271 312]
205,0,[95 318 117 332]
206,0,[286 40 359 78]
207,0,[3 118 466 618]
207,0,[169 0 477 184]
208,0,[89 432 425 591]
208,0,[55 38 258 144]
208,0,[65 213 331 336]
208,0,[85 82 411 228]
208,0,[89 320 279 403]
208,0,[294 170 360 345]
208,0,[253 284 299 438]
209,0,[275 478 330 500]
209,0,[275 444 330 464]
210,0,[169 173 434 278]
210,0,[230 412 387 507]
210,0,[179 489 328 553]
210,0,[184 50 297 191]
210,0,[208 550 305 639]
210,0,[230 -1 353 64]
210,0,[187 241 227 292]
210,0,[191 292 220 334]
210,0,[182 373 218 385]
210,0,[173 396 243 506]
210,0,[185 318 212 349]
210,0,[394 183 471 240]
210,0,[183 378 216 389]
210,0,[194 176 278 235]
211,0,[221 166 336 250]
211,0,[34 -3 611 99]
211,0,[156 112 178 125]
212,0,[242 271 257 281]
212,0,[236 137 253 147]
212,0,[160 174 166 184]
213,0,[141 211 353 424]
213,0,[103 406 385 639]
214,0,[232 443 393 527]
214,0,[356 553 421 592]
214,0,[265 391 460 556]
214,0,[339 302 389 376]
215,0,[149 190 240 377]
215,0,[44 77 387 438]
215,0,[-1 12 250 125]
215,0,[117 164 320 405]
216,0,[324 378 381 430]
216,0,[279 378 329 439]
216,0,[40 44 469 595]
216,0,[275 162 436 313]
216,0,[121 211 193 316]
216,0,[364 392 441 469]
216,0,[358 465 434 541]
216,0,[331 427 380 477]
216,0,[278 441 341 500]
216,0,[119 328 204 449]
216,0,[-1 172 96 502]
216,0,[269 196 321 250]
217,0,[179 5 488 378]
218,0,[227 223 284 391]
218,0,[269 0 311 27]
218,0,[291 466 328 557]
218,0,[283 610 312 641]
218,0,[280 528 295 569]
219,0,[3 226 314 497]
219,0,[171 140 270 229]
220,0,[124 197 334 442]
221,0,[94 254 404 607]
221,0,[170 2 472 179]
221,0,[16 25 477 638]
221,0,[22 207 175 296]
221,0,[-2 368 122 443]
221,0,[221 145 340 301]
221,0,[371 488 487 636]
221,0,[-8 61 136 194]
222,0,[116 287 331 626]
222,0,[10 382 214 579]
223,0,[36 72 292 373]
223,0,[152 50 305 217]
224,0,[268 227 575 335]
224,0,[436 0 631 77]
225,0,[11 225 245 631]
225,0,[81 132 161 185]
226,0,[43 -7 352 387]
226,0,[103 378 130 391]
226,0,[204 454 245 494]
226,0,[205 519 216 528]
226,0,[145 516 176 527]
227,0,[248 357 384 514]
227,0,[275 90 423 235]
227,0,[227 165 294 212]
227,0,[313 301 327 333]
227,0,[212 223 229 227]
227,0,[191 222 205 227]
227,0,[233 309 299 375]
227,0,[191 217 205 222]
227,0,[211 217 228 221]
227,0,[366 459 390 509]
228,0,[417 128 480 150]
228,0,[415 214 476 270]
229,0,[26 -3 611 421]
229,0,[246 261 586 452]
230,0,[7 -2 156 80]
230,0,[42 12 434 597]
230,0,[40 310 123 618]
230,0,[2 164 30 239]
230,0,[42 12 434 597]
231,0,[198 42 398 111]
231,0,[48 324 363 429]
231,0,[205 -2 413 38]
231,0,[87 131 532 617]
231,0,[233 193 324 234]
232,0,[368 62 498 423]
233,0,[12 285 192 484]
233,0,[247 318 291 360]
233,0,[84 99 284 285]
233,0,[186 312 280 536]
234,0,[314 258 357 274]
234,0,[313 295 351 313]
234,0,[315 272 356 288]
234,0,[314 235 358 251]
235,0,[32 6 679 480]
235,0,[281 97 452 273]
236,0,[176 396 310 523]
236,0,[194 207 293 297]
236,0,[109 428 156 629]
236,0,[247 190 346 537]
237,0,[29 60 599 431]
238,0,[-10 -3 404 413]
238,0,[164 330 206 427]
238,0,[3 132 45 391]
238,0,[2 434 91 629]
239,0,[55 23 370 589]
240,0,[96 166 274 284]
240,0,[203 131 353 180]
240,0,[252 342 454 412]
240,0,[133 -1 387 69]
240,0,[202 72 398 145]
240,0,[185 18 385 94]
240,0,[294 303 414 334]
240,0,[313 244 390 267]
241,0,[30 318 364 636]
241,0,[59 491 259 619]
241,0,[42 173 364 376]
241,0,[115 478 161 517]
241,0,[97 110 231 207]
241,0,[174 380 395 488]
241,0,[166 263 312 305]
241,0,[74 168 292 259]
242,0,[206 -15 431 459]
242,0,[137 439 180 459]
242,0,[231 202 312 279]
242,0,[132 418 183 432]
242,0,[126 408 186 422]
242,0,[83 256 188 393]
242,0,[142 433 179 441]
242,0,[136 429 181 446]
243,0,[4 16 378 483]
244,0,[161 196 333 379]
244,0,[111 69 354 251]
244,0,[134 311 306 554]
244,0,[211 32 232 46]
245,0,[260 223 290 248]
245,0,[84 189 279 342]
246,0,[64 115 209 253]
247,0,[253 164 375 390]
247,0,[8 47 312 412]
248,0,[62 22 484 627]
248,0,[43 103 174 160]
248,0,[48 150 202 234]
248,0,[268 217 316 306]
248,0,[47 230 161 271]
249,0,[168 375 386 448]
249,0,[153 154 367 234]
249,0,[180 112 272 157]
249,0,[193 227 224 272]
249,0,[133 332 172 477]
249,0,[67 0 490 82]
249,0,[283 543 368 633]
249,0,[255 362 343 393]
249,0,[130 118 183 235]
249,0,[246 455 324 513]
249,0,[172 92 192 143]
250,0,[278 303 438 341]
250,0,[323 345 432 380]
250,0,[269 261 439 301]
250,0,[336 433 457 479]
250,0,[461 42 638 123]
250,0,[328 408 449 445]
250,0,[460 205 633 267]
250,0,[531 376 645 471]
250,0,[323 384 442 419]
250,0,[271 217 454 253]
250,0,[281 -11 649 497]
250,0,[503 311 635 388]
250,0,[286 83 468 141]
250,0,[282 142 465 195]
250,0,[327 367 433 396]
250,0,[267 417 296 474]
250,0,[478 264 624 306]
250,0,[278 243 431 268]
250,0,[382 18 490 59]
250,0,[386 40 476 79]
251,0,[19 43 182 509]
251,0,[20 564 250 639]
252,0,[25 6 468 638]
253,0,[73 130 420 275]
253,0,[59 371 409 504]
253,0,[56 274 266 328]
253,0,[57 312 263 370]
253,0,[69 350 274 420]
253,0,[84 185 114 221]
254,0,[13 191 105 256]
254,0,[85 220 113 263]
254,0,[102 475 114 492]
254,0,[72 354 98 368]
255,0,[-2 185 135 439]
255,0,[213 159 389 262]
255,0,[54 533 200 606]
255,0,[127 318 207 413]
255,0,[207 251 351 300]
255,0,[145 149 207 204]
255,0,[4 525 73 581]
255,0,[134 2 262 128]
256,0,[33 237 272 407]
256,0,[26 25 611 525]
257,0,[290 66 417 268]
257,0,[97 237 420 402]
257,0,[78 237 121 242]
257,0,[77 249 116 255]
257,0,[67 274 108 280]
258,0,[331 281 436 363]
258,0,[113 123 308 236]
258,0,[183 240 322 477]
258,0,[303 200 369 280]
258,0,[326 373 416 462]
258,0,[351 182 446 279]
258,0,[183 240 322 477]
259,0,[88 27 461 335]
259,0,[10 221 358 635]
260,0,[90 160 342 390]
261,0,[39 417 259 535]
261,0,[34 250 375 381]
261,0,[41 477 360 631]
261,0,[33 -2 360 166]
261,0,[2 399 96 454]
261,0,[39 79 257 195]
261,0,[30 18 452 625]
261,0,[4 183 61 285]
261,0,[-2 332 72 376]
261,0,[10 248 61 278]
262,0,[138 386 453 636]
262,0,[171 407 290 619]
263,0,[133 28 365 604]
263,0,[217 210 251 238]
264,0,[38 307 417 627]
265,0,[143 340 196 361]
265,0,[142 241 204 331]
265,0,[159 443 171 449]
265,0,[263 252 387 304]
265,0,[194 161 298 457]
265,0,[163 384 170 389]
265,0,[159 443 171 449]
266,0,[157 158 263 581]
267,0,[290 561 356 638]
267,0,[126 578 261 632]
267,0,[12 88 348 251]
267,0,[188 431 228 453]
267,0,[231 511 256 608]
267,0,[178 380 223 399]
267,0,[186 334 218 347]
267,0,[180 289 189 316]
267,0,[246 160 365 310]
267,0,[179 53 222 68]
267,0,[165 67 231 582]
268,0,[11 -8 360 494]
268,0,[0 108 58 183]
268,0,[47 119 96 397]
268,0,[87 167 142 208]
268,0,[207 123 269 180]
268,0,[194 259 265 295]
268,0,[0 452 83 503]
268,0,[137 217 188 275]
269,0,[323 261 347 303]
269,0,[321 298 339 326]
269,0,[311 321 357 371]
269,0,[321 409 349 440]
269,0,[322 504 333 523]
269,0,[322 380 333 391]
269,0,[322 372 337 383]
270,0,[346 502 365 517]
270,0,[26 110 77 179]
271,0,[90 26 307 334]
271,0,[58 152 267 452]
272,0,[140 377 366 629]
272,0,[165 15 400 318]
273,0,[141 197 440 512]
274,0,[145 59 455 213]
274,0,[108 199 229 236]
274,0,[211 146 378 380]
274,0,[83 154 217 204]
274,0,[90 91 164 156]
274,0,[279 219 309 237]
274,0,[78 34 294 103]
274,0,[132 297 193 326]
275,0,[108 65 613 396]
275,0,[171 0 557 93]
275,0,[507 103 533 147]
275,0,[312 69 386 142]
275,0,[493 12 634 465]
276,0,[23 26 392 188]
276,0,[89 217 420 344]
276,0,[8 -1 488 102]
276,0,[106 167 253 314]
276,0,[172 22 281 103]
276,0,[53 289 93 312]
277,0,[490 490 512 506]
277,0,[498 567 523 601]
277,0,[479 209 529 247]
277,0,[489 288 529 321]
277,0,[482 160 497 179]
277,0,[490 243 527 268]
277,0,[483 188 497 204]
277,0,[477 30 490 46]
277,0,[480 8 502 27]
277,0,[483 63 508 83]
277,0,[481 527 493 540]
277,0,[481 151 495 171]
277,0,[479 76 490 93]
277,0,[481 68 499 87]
277,0,[497 524 512 540]
278,0,[48 367 411 504]
278,0,[98 312 164 389]
279,0,[51 9 236 296]
279,0,[114 531 252 588]
279,0,[104 584 247 640]
279,0,[130 477 205 504]
279,0,[126 134 294 195]
279,0,[143 206 265 255]
279,0,[135 277 235 309]
279,0,[125 242 248 268]
279,0,[142 327 208 348]
279,0,[147 354 247 397]
279,0,[138 307 204 328]
279,0,[139 419 238 455]
279,0,[218 185 296 232]
279,0,[264 259 341 315]
279,0,[320 62 390 214]
279,0,[143 336 231 367]
280,0,[20 65 544 363]
280,0,[315 508 379 536]
280,0,[293 283 517 491]
281,0,[121 125 304 243]
281,0,[15 241 146 285]
281,0,[123 12 396 141]
281,0,[142 219 411 329]
281,0,[20 513 149 566]
281,0,[28 336 131 376]
281,0,[112 455 273 553]
281,0,[88 554 107 567]
281,0,[177 609 184 619]
282,0,[155 157 287 285]
282,0,[154 498 268 595]
282,0,[261 247 284 360]
283,0,[154 197 289 260]
283,0,[171 313 311 373]
283,0,[225 207 332 247]
283,0,[245 321 336 359]
283,0,[251 245 295 272]
284,0,[320 232 602 296]
284,0,[277 -4 646 223]
285,0,[97 -14 647 488]
285,0,[570 210 602 280]
285,0,[264 437 637 509]
285,0,[545 327 596 378]
287,0,[136 289 226 368]
287,0,[439 162 489 210]
287,0,[415 134 463 186]
287,0,[456 201 519 245]
287,0,[492 364 627 455]
287,0,[172 347 336 485]
287,0,[429 232 468 289]
287,0,[414 196 459 246]
287,0,[465 243 507 299]
287,0,[299 273 406 330]
287,0,[381 324 415 385]
287,0,[96 200 142 232]
287,0,[0 416 221 478]
287,0,[165 211 186 236]
287,0,[274 249 380 291]
287,0,[310 93 620 455]
287,0,[389 132 433 164]
287,0,[155 57 260 238]
287,0,[416 92 461 133]
287,0,[559 129 634 180]
287,0,[269 433 355 482]
287,0,[359 217 395 256]
287,0,[161 253 187 290]
287,0,[558 128 641 241]
287,0,[188 235 212 260]
287,0,[4 6 144 178]
287,0,[-2 177 230 392]
287,0,[422 342 452 394]
287,0,[363 -7 633 115]
287,0,[37 21 608 466]
287,0,[418 243 502 298]
288,0,[207 87 375 542]
288,0,[243 290 297 308]
288,0,[264 258 314 278]
288,0,[291 17 373 123]
288,0,[239 377 291 445]
289,0,[58 218 403 590]
289,0,[50 38 407 296]
289,0,[200 395 361 436]
289,0,[113 474 180 522]
289,0,[130 235 209 271]
289,0,[135 192 256 232]
289,0,[119 294 281 339]
289,0,[119 8 266 74]
289,0,[102 570 253 637]
289,0,[138 0 270 27]
289,0,[133 64 213 101]
289,0,[138 511 179 537]
289,0,[141 548 195 578]
289,0,[247 21 271 36]
289,0,[246 223 267 236]
289,0,[142 577 408 641]
289,0,[254 214 332 317]
290,0,[50 183 298 418]
290,0,[507 310 591 365]
290,0,[498 367 595 403]
290,0,[498 51 594 111]
290,0,[502 13 591 57]
290,0,[404 457 474 497]
290,0,[446 103 597 195]
291,0,[339 408 371 434]
291,0,[-5 86 483 650]
291,0,[382 289 427 315]
291,0,[273 101 324 126]
291,0,[148 464 172 479]
291,0,[255 515 280 529]
291,0,[409 232 451 263]
291,0,[285 430 307 443]
291,0,[150 593 169 605]
292,0,[17 103 428 554]
292,0,[289 238 327 275]
292,0,[362 431 429 562]
293,0,[246 304 384 380]
293,0,[215 183 595 409]
293,0,[132 72 335 177]
293,0,[163 293 313 374]
293,0,[204 231 274 254]
293,0,[186 0 266 415]
293,0,[216 367 265 388]
293,0,[201 75 237 95]
293,0,[195 400 235 425]
294,0,[207 266 315 467]
294,0,[119 27 406 628]
294,0,[119 27 406 628]
294,0,[207 266 315 467]
295,0,[129 140 644 292]
295,0,[29 147 184 190]
295,0,[58 120 76 139]
296,0,[113 607 163 641]
296,0,[121 72 339 339]
296,0,[188 315 348 639]
297,0,[113 168 436 337]
297,0,[113 43 176 244]
297,0,[180 281 343 387]
297,0,[77 390 125 429]
297,0,[127 271 199 380]
297,0,[120 371 213 480]
298,0,[330 297 593 416]
298,0,[360 228 613 306]
298,0,[346 232 404 296]
298,0,[342 308 359 324]
298,0,[343 414 361 426]
298,0,[336 325 365 355]
299,0,[288 263 468 294]
299,0,[56 281 144 367]
299,0,[169 404 254 497]
299,0,[292 323 449 496]
299,0,[251 512 444 537]
299,0,[17 28 472 630]
299,0,[38 100 64 262]
299,0,[368 359 432 445]
300,0,[245 103 409 177]
300,0,[128 386 459 623]
300,0,[75 140 412 308]
300,0,[224 48 235 86]
300,0,[204 309 412 397]
300,0,[220 288 233 308]
300,0,[180 568 380 639]
301,0,[67 334 287 471]
301,0,[41 232 128 277]
301,0,[10 136 50 153]
301,0,[13 157 50 172]
301,0,[22 176 56 197]
301,0,[262 324 311 497]
301,0,[233 1 325 34]
301,0,[311 7 330 100]
301,0,[0 1 29 10]
301,0,[101 559 144 580]
302,0,[451 246 570 346]
302,0,[180 129 546 402]
302,0,[328 50 440 225]
302,0,[379 121 470 217]
302,0,[325 -2 441 92]
302,0,[336 149 473 393]
302,0,[371 365 475 448]
303,0,[138 276 338 595]
303,0,[85 79 326 286]
304,0,[171 61 486 213]
304,0,[426 423 563 477]
305,0,[166 432 346 523]
305,0,[240 277 398 394]
305,0,[324 561 362 592]
305,0,[263 164 279 243]
305,0,[349 513 371 552]
305,0,[326 370 462 585]
305,0,[219 388 258 410]
306,0,[8 128 349 423]
306,0,[17 351 114 480]
306,0,[68 17 96 55]
306,0,[316 356 416 479]
306,0,[58 52 96 98]
306,0,[66 98 124 144]
306,0,[379 41 635 473]
306,0,[379 41 635 473]
306,0,[322 317 395 387]
307,0,[279 275 342 347]
308,0,[-1 75 80 159]
308,0,[86 5 366 154]
308,0,[86 268 415 583]
308,0,[98 60 172 144]
309,0,[75 364 203 402]
309,0,[-18 41 416 611]
309,0,[62 28 519 162]
309,0,[74 397 206 428]
309,0,[76 257 214 304]
309,0,[72 311 212 349]
309,0,[79 302 198 326]
309,0,[209 96 218 111]
309,0,[76 242 204 266]
310,0,[223 178 261 196]
310,0,[231 46 281 64]
310,0,[219 149 265 164]
310,0,[221 195 263 211]
310,0,[214 212 252 225]
310,0,[185 239 210 248]
310,0,[214 223 251 233]
310,0,[194 338 219 353]
310,0,[189 415 216 425]
310,0,[188 280 210 288]
310,0,[187 253 208 263]
310,0,[183 460 206 470]
310,0,[172 231 190 237]
310,0,[164 334 193 343]
310,0,[183 477 205 487]
310,0,[189 445 206 454]
310,0,[157 180 230 473]
310,0,[188 305 212 315]
310,0,[167 346 190 355]
310,0,[189 298 217 314]
310,0,[250 215 253 237]
310,0,[258 173 263 199]
310,0,[189 386 215 396]
310,0,[215 299 220 311]
310,0,[201 368 221 378]
310,0,[163 298 179 304]
310,0,[257 198 262 213]
311,0,[20 33 610 420]
311,0,[214 180 271 241]
311,0,[209 113 221 150]
312,0,[54 101 143 316]
312,0,[54 101 143 316]
313,0,[25 -9 624 431]
313,0,[255 174 663 271]
314,0,[140 15 591 413]
315,0,[227 86 488 284]
316,0,[111 193 173 259]
316,0,[157 8 317 152]
316,0,[191 204 370 497]
317,0,[11 180 376 570]
318,0,[74 128 568 371]
318,0,[523 215 578 380]
318,0,[144 361 222 466]
318,0,[169 309 228 362]
318,0,[169 263 216 318]
318,0,[139 148 220 203]
319,0,[54 68 521 330]
319,0,[257 5 612 411]
320,0,[430 184 452 251]
320,0,[424 274 466 290]
320,0,[427 135 449 196]
320,0,[329 214 344 246]
320,0,[424 80 451 90]
320,0,[311 528 323 558]
320,0,[288 223 299 238]
320,0,[231 82 287 172]
320,0,[316 55 348 177]
320,0,[221 161 229 171]
320,0,[429 531 457 544]
320,0,[420 17 438 25]
320,0,[236 603 250 624]
320,0,[416 298 464 312]
320,0,[421 77 445 88]
320,0,[432 265 450 272]
320,0,[421 617 436 624]
321,0,[70 35 249 171]
321,0,[137 165 366 291]
321,0,[6 167 65 210]
321,0,[17 10 90 58]
321,0,[14 257 85 286]
321,0,[17 281 84 304]
322,0,[280 307 358 352]
322,0,[284 30 419 84]
322,0,[279 191 376 279]
322,0,[287 0 412 37]
322,0,[277 111 404 166]
322,0,[263 298 290 374]
322,0,[286 71 415 129]
322,0,[294 116 339 152]
322,0,[239 295 261 314]
322,0,[262 213 291 285]
322,0,[284 482 365 515]
322,0,[259 103 284 180]
322,0,[291 433 369 457]
322,0,[286 167 379 204]
322,0,[281 392 365 424]
322,0,[281 461 369 491]
322,0,[274 445 291 493]
322,0,[283 11 299 57]
322,0,[282 387 355 410]
322,0,[286 286 351 311]
322,0,[285 405 350 430]
323,0,[41 26 272 638]
323,0,[231 58 283 102]
323,0,[226 228 252 258]
323,0,[220 524 262 568]
323,0,[217 491 260 521]
323,0,[198 435 236 463]
323,0,[183 275 227 301]
323,0,[176 473 213 499]
323,0,[186 25 226 54]
324,0,[3 49 92 165]
324,0,[24 0 163 33]
324,0,[62 128 266 312]
324,0,[59 313 269 506]
325,0,[32 0 483 326]
325,0,[291 179 479 235]
325,0,[32 218 474 631]
326,0,[318 110 387 133]
326,0,[351 199 404 245]
326,0,[367 80 393 102]
326,0,[319 133 346 140]
326,0,[333 173 344 184]
326,0,[341 184 357 197]
326,0,[327 175 340 184]
327,0,[170 434 398 530]
327,0,[52 16 204 156]
328,0,[64 203 235 307]
328,0,[260 267 301 308]
328,0,[61 483 308 582]
328,0,[84 331 282 430]
328,0,[75 466 121 480]
328,0,[74 302 285 371]
328,0,[79 583 129 604]
328,0,[80 612 133 631]
328,0,[32 0 58 44]
328,0,[39 40 59 65]
328,0,[75 288 125 314]
328,0,[60 430 112 446]
328,0,[61 476 194 520]
328,0,[48 -1 98 13]
328,0,[35 62 59 120]
328,0,[84 538 269 614]
328,0,[79 628 135 639]
328,0,[41 142 60 190]
328,0,[76 400 143 420]
329,0,[181 271 355 376]
329,0,[72 400 367 555]
329,0,[146 306 363 419]
329,0,[364 532 409 568]
329,0,[239 2 410 144]
329,0,[260 223 279 283]
329,0,[372 490 387 507]
329,0,[366 403 393 439]
329,0,[362 388 375 411]
329,0,[372 482 385 495]
330,0,[168 435 332 579]
330,0,[147 5 243 101]
330,0,[197 337 331 475]
330,0,[176 317 224 359]
330,0,[173 612 211 634]
330,0,[140 387 212 468]
330,0,[118 344 140 405]
330,0,[115 514 140 585]
330,0,[121 137 136 169]
330,0,[118 44 138 97]
331,0,[128 268 327 468]
332,0,[37 42 400 593]
332,0,[78 255 236 487]
333,0,[193 426 316 628]
333,0,[194 293 309 440]
333,0,[188 160 304 296]
333,0,[194 5 297 179]
333,0,[123 341 140 363]
333,0,[140 437 180 492]
333,0,[101 -23 161 639]
334,0,[176 326 256 436]
334,0,[200 43 343 265]
334,0,[304 209 491 252]
335,0,[15 19 351 623]
335,0,[0 422 157 536]
335,0,[50 550 199 620]
336,0,[135 212 383 400]
336,0,[324 239 416 537]
337,0,[118 8 406 274]
338,0,[130 179 466 540]
338,0,[190 2 473 181]
338,0,[-17 65 394 657]
339,0,[259 334 299 484]
339,0,[59 349 272 481]
339,0,[205 547 365 608]
340,0,[18 72 399 254]
340,0,[111 221 391 362]
340,0,[147 4 345 89]
340,0,[111 361 167 421]
341,0,[140 404 352 636]
341,0,[132 368 224 455]
341,0,[135 293 180 357]
341,0,[100 354 132 396]
342,0,[50 246 296 371]
342,0,[11 351 318 647]
343,0,[103 421 482 647]
343,0,[96 42 486 295]
343,0,[180 397 328 520]
343,0,[118 306 261 570]
343,0,[-8 287 197 636]
343,0,[144 0 466 82]
343,0,[164 244 483 334]
344,0,[203 43 372 206]
344,0,[116 41 644 410]
345,0,[336 93 487 249]
345,0,[23 164 619 329]
345,0,[11 0 541 440]
346,0,[144 79 381 426]
346,0,[181 413 218 453]
346,0,[213 -1 344 83]
347,0,[100 354 478 518]
347,0,[219 89 484 193]
347,0,[50 297 146 361]
347,0,[55 345 160 407]
347,0,[100 37 356 201]
347,0,[37 435 173 509]
347,0,[277 183 468 358]
347,0,[32 173 217 260]
347,0,[36 8 184 77]
347,0,[27 529 376 633]
347,0,[66 212 294 315]
348,0,[34 298 440 472]
348,0,[16 213 429 349]
348,0,[393 120 466 514]
350,0,[25 101 374 573]
350,0,[191 618 365 640]
350,0,[219 10 245 24]
350,0,[222 25 247 39]
350,0,[250 573 268 600]
351,0,[163 385 439 616]
351,0,[193 56 476 614]
351,0,[287 40 338 57]
352,0,[305 161 500 319]
353,0,[186 55 359 149]
353,0,[157 312 333 484]
353,0,[224 162 358 288]
353,0,[195 54 246 84]
353,0,[318 262 345 289]
353,0,[158 101 202 128]
353,0,[127 462 170 487]
353,0,[192 254 254 299]
353,0,[196 294 244 340]
353,0,[190 234 258 281]
353,0,[149 124 263 158]
353,0,[129 576 170 601]
353,0,[163 511 230 554]
354,0,[476 27 568 206]
355,0,[123 185 325 280]
355,0,[303 194 333 287]
355,0,[166 512 203 532]
355,0,[173 139 197 148]
356,0,[228 329 436 399]
356,0,[74 35 400 434]
356,0,[233 450 433 508]
356,0,[206 504 479 603]
356,0,[217 287 383 321]
356,0,[269 398 432 444]
356,0,[211 579 472 635]
356,0,[232 1 337 33]
356,0,[112 429 280 614]
356,0,[212 320 398 350]
356,0,[241 446 408 479]
357,0,[319 133 396 167]
358,0,[86 176 145 232]
358,0,[199 215 576 545]
358,0,[192 0 489 128]
358,0,[202 114 462 219]
358,0,[234 202 473 274]
