000000000042,0,[44 179 313 569]
000000000073,0,[21 30 625 527]
000000000074,0,[13 2 329 166]
000000000074,0,[92 294 154 315]
000000000074,0,[265 53 384 363]
000000000074,0,[94 326 148 344]
000000000074,0,[92 303 149 320]
000000000074,0,[92 270 150 288]
000000000133,0,[11 42 380 608]
000000000136,0,[119 322 299 453]
000000000136,0,[77 0 358 66]
000000000136,0,[96 84 364 269]
000000000139,0,[165 6 267 157]
000000000139,0,[216 296 320 353]
000000000139,0,[164 418 293 460]
000000000139,0,[220 381 315 432]
000000000139,0,[212 557 285 639]
000000000139,0,[298 553 400 585]
000000000139,0,[173 380 216 404]
000000000139,0,[220 360 318 411]
000000000139,0,[122 446 140 462]
000000000139,0,[197 243 213 256]
000000000139,0,[174 228 215 270]
000000000143,0,[239 128 370 231]
000000000143,0,[128 268 292 363]
000000000143,0,[271 240 394 345]
000000000143,0,[208 420 349 556]
000000000143,0,[106 121 272 226]
000000000164,0,[408 159 473 305]
000000000164,0,[186 384 212 392]
000000000164,0,[279 438 315 451]
000000000164,0,[194 99 229 111]
000000000164,0,[270 293 315 338]
000000000164,0,[197 135 224 147]
000000000164,0,[195 83 231 100]
000000000164,0,[197 148 222 161]
000000000164,0,[227 371 259 426]
000000000164,0,[197 123 225 134]
000000000164,0,[176 431 310 520]
000000000164,0,[187 370 211 379]
000000000164,0,[196 112 226 124]
000000000164,0,[195 73 228 85]
000000000164,0,[257 71 309 87]
000000000192,0,[180 271 425 378]
000000000192,0,[219 436 450 517]
000000000192,0,[266 352 475 480]
000000000192,0,[275 1 478 44]
000000000196,0,[242 420 346 579]
000000000196,0,[323 517 446 643]
000000000196,0,[343 355 466 517]
000000000196,0,[58 263 122 411]
000000000196,0,[81 22 493 629]
000000000196,0,[248 528 389 617]
000000000196,0,[50 357 110 456]
000000000196,0,[363 175 399 211]
000000000196,0,[206 525 265 622]
000000000196,0,[121 351 178 496]
000000000196,0,[102 449 149 548]
000000000196,0,[44 233 101 326]
000000000196,0,[406 215 485 297]
000000000196,0,[155 332 211 476]
000000000196,0,[382 396 432 422]
000000000196,0,[84 114 129 211]
000000000196,0,[415 477 474 586]
000000000196,0,[220 255 293 405]
000000000196,0,[403 421 434 472]
000000000208,0,[341 190 469 653]
000000000241,0,[18 122 609 331]
000000000241,0,[599 -2 639 46]
000000000241,0,[282 289 522 402]
000000000241,0,[597 102 640 152]
000000000241,0,[270 322 576 476]
000000000241,0,[324 119 346 160]
000000000241,0,[550 39 639 69]
000000000241,0,[264 1 605 200]
000000000241,0,[474 343 548 413]
000000000241,0,[88 103 287 198]
000000000257,0,[337 288 416 321]
000000000257,0,[328 239 408 271]
000000000257,0,[335 315 411 337]
000000000257,0,[367 186 418 226]
000000000257,0,[329 471 355 482]
000000000257,0,[330 215 400 236]
000000000257,0,[349 144 481 218]
000000000257,0,[288 248 397 462]
000000000257,0,[333 189 375 213]
000000000257,0,[325 138 363 153]
000000000257,0,[323 125 365 139]
000000000257,0,[326 79 380 99]
000000000257,0,[415 101 478 178]
000000000257,0,[334 261 399 284]
000000000257,0,[328 541 368 556]
000000000257,0,[282 510 479 639]
000000000257,0,[298 68 361 190]
000000000257,0,[301 528 366 616]
000000000283,0,[160 167 368 251]
000000000283,0,[67 69 548 151]
000000000283,0,[70 198 343 422]
000000000285,0,[52 -4 617 566]
000000000294,0,[71 18 418 393]
000000000294,0,[310 505 423 636]
000000000294,0,[326 451 364 472]
000000000294,0,[328 463 365 484]
000000000294,0,[332 478 370 490]
000000000328,0,[67 356 494 582]
000000000328,0,[60 43 416 269]
000000000328,0,[97 194 459 422]
000000000328,0,[170 322 229 337]
000000000328,0,[283 437 299 470]
000000000328,0,[222 249 257 330]
000000000328,0,[178 460 224 482]
000000000328,0,[116 49 462 601]
000000000338,0,[155 212 325 317]
000000000338,0,[174 439 329 502]
000000000338,0,[88 456 114 482]
000000000338,0,[153 329 331 420]
000000000338,0,[240 24 323 160]
000000000357,0,[135 528 188 558]
000000000357,0,[76 73 127 96]
000000000357,0,[23 208 53 233]
000000000357,0,[162 568 198 594]
000000000357,0,[153 592 200 621]
000000000357,0,[17 272 56 298]
000000000357,0,[26 374 50 386]
000000000357,0,[100 77 104 82]
000000000357,0,[19 540 43 551]
000000000357,0,[56 631 74 639]
000000000359,0,[100 245 122 296]
000000000359,0,[287 2 327 122]
000000000359,0,[102 158 130 215]
000000000360,0,[148 238 197 293]
000000000387,0,[44 245 339 612]
000000000395,0,[133 99 573 545]
000000000395,0,[219 4 480 84]
000000000395,0,[266 81 476 157]
000000000395,0,[207 493 573 628]
000000000395,0,[232 142 387 223]
000000000395,0,[259 453 348 512]
000000000395,0,[231 64 321 102]
000000000397,0,[20 14 482 629]
000000000397,0,[369 462 481 638]
000000000397,0,[10 -8 153 243]
000000000400,0,[149 442 226 517]
000000000400,0,[53 28 589 620]
000000000415,0,[256 1 568 124]
000000000415,0,[398 64 445 104]
000000000428,0,[30 246 357 578]
000000000428,0,[210 388 364 582]
000000000428,0,[197 378 345 469]
000000000459,0,[275 160 541 215]
000000000459,0,[63 -5 649 443]
000000000472,0,[57 391 84 477]
000000000474,0,[39 30 468 321]
000000000474,0,[233 18 309 98]
000000000486,0,[305 251 389 382]
000000000486,0,[39 184 85 231]
000000000486,0,[201 236 217 242]
000000000488,0,[205 34 363 124]
000000000488,0,[214 185 344 283]
000000000488,0,[216 547 268 590]
000000000488,0,[246 108 353 210]
000000000488,0,[273 217 293 242]
000000000488,0,[253 432 260 440]
000000000502,0,[85 223 337 503]
000000000520,0,[216 448 232 469]
000000000520,0,[174 445 191 469]
000000000520,0,[141 299 162 336]
000000000520,0,[195 97 219 138]
000000000520,0,[185 -2 204 23]
000000000520,0,[130 229 148 267]
000000000520,0,[179 599 190 618]
000000000520,0,[184 157 196 182]
000000000520,0,[317 454 339 469]
000000000520,0,[317 526 337 548]
000000000520,0,[307 242 340 254]
000000000520,0,[313 347 321 354]
000000000520,0,[322 501 340 517]
000000000536,0,[72 83 332 183]
000000000536,0,[83 173 333 275]
000000000536,0,[131 287 338 444]
000000000536,0,[131 287 338 444]
000000000536,0,[184 198 232 270]
000000000544,0,[273 20 411 122]
000000000544,0,[240 258 412 362]
000000000544,0,[326 212 356 239]
000000000544,0,[304 103 404 227]
000000000544,0,[5 37 255 601]
000000000544,0,[221 3 295 36]
000000000544,0,[193 17 241 44]
000000000544,0,[237 18 299 65]
000000000544,0,[208 196 239 225]
000000000544,0,[192 74 240 104]
000000000544,0,[186 247 236 277]
000000000544,0,[200 144 240 187]
000000000544,0,[211 544 235 568]
000000000564,0,[319 240 618 388]
000000000564,0,[282 327 303 377]
000000000564,0,[309 300 338 360]
000000000564,0,[233 111 256 154]
000000000564,0,[307 417 344 478]
000000000564,0,[256 139 294 189]
000000000564,0,[308 357 342 419]
000000000564,0,[257 188 295 239]
000000000564,0,[231 157 257 200]
000000000564,0,[257 89 290 140]
000000000564,0,[259 42 286 90]
000000000564,0,[232 203 267 249]
000000000564,0,[236 65 261 108]
000000000564,0,[201 449 279 520]
000000000564,0,[308 474 343 521]
000000000564,0,[309 228 343 307]
000000000564,0,[281 435 304 487]
000000000564,0,[261 0 287 41]
000000000564,0,[230 21 328 497]
000000000564,0,[236 17 263 62]
000000000564,0,[253 239 302 295]
000000000564,0,[233 250 268 300]
000000000564,0,[285 71 309 120]
000000000564,0,[284 122 305 172]
000000000564,0,[281 380 305 432]
000000000564,0,[252 387 283 444]
000000000564,0,[235 -2 264 17]
000000000564,0,[334 238 351 298]
000000000569,0,[267 92 417 169]
000000000569,0,[230 139 260 168]
000000000589,0,[180 347 368 493]
000000000590,0,[290 69 321 165]
000000000599,0,[30 30 399 416]
000000000599,0,[202 438 276 615]
000000000623,0,[32 -2 480 370]
000000000623,0,[12 164 409 356]
000000000626,0,[120 313 169 354]
000000000626,0,[127 396 178 418]
000000000632,0,[218 339 347 433]
000000000632,0,[237 -4 474 408]
000000000632,0,[228 249 320 338]
000000000632,0,[133 188 227 238]
000000000632,0,[-36 427 415 574]
000000000632,0,[190 97 233 114]
000000000632,0,[195 521 225 526]
000000000632,0,[195 508 226 514]
000000000632,0,[197 495 226 503]
000000000632,0,[195 532 224 538]
000000000632,0,[169 491 175 531]
000000000632,0,[158 495 166 527]
000000000632,0,[193 455 224 462]
000000000632,0,[192 435 225 442]
000000000632,0,[148 446 182 452]
000000000632,0,[191 543 227 550]
000000000632,0,[195 446 223 453]
000000000632,0,[98 532 135 539]
000000000636,0,[45 96 631 348]
000000000641,0,[100 138 338 537]
000000000641,0,[242 563 288 580]
000000000641,0,[210 8 232 26]
000000000641,0,[233 556 258 565]
000000000641,0,[207 31 233 59]
000000000661,0,[33 44 333 406]
000000000675,0,[211 238 313 319]
000000000675,0,[90 244 474 631]
000000000675,0,[313 38 475 337]
000000000692,0,[129 176 468 484]
000000000692,0,[31 332 478 619]
000000000692,0,[263 318 299 357]
000000000693,0,[47 327 368 519]
000000000693,0,[96 13 243 261]
000000000693,0,[193 -9 412 247]
000000000693,0,[201 411 395 544]
000000000693,0,[45 134 169 300]
000000000693,0,[39 207 123 314]
000000000693,0,[4 226 64 332]
000000000711,0,[167 286 374 540]
000000000711,0,[163 -10 421 297]
000000000711,0,[342 206 373 233]
000000000711,0,[148 348 172 393]
000000000711,0,[315 353 479 558]
000000000711,0,[317 284 341 347]
000000000715,0,[80 313 119 345]
000000000715,0,[115 327 157 370]
000000000715,0,[413 458 466 507]
000000000715,0,[100 246 137 287]
000000000715,0,[93 282 122 312]
000000000715,0,[124 352 164 396]
000000000715,0,[109 389 143 442]
000000000715,0,[319 175 352 205]
000000000715,0,[334 239 383 283]
000000000715,0,[424 411 469 463]
000000000715,0,[303 127 336 165]
000000000715,0,[108 510 141 560]
000000000715,0,[397 351 439 392]
000000000715,0,[252 287 344 372]
000000000715,0,[116 461 155 514]
000000000715,0,[252 258 345 305]
000000000715,0,[95 191 122 220]
000000000715,0,[142 31 160 53]
000000000715,0,[383 434 431 473]
000000000715,0,[305 208 340 238]
000000000715,0,[103 440 142 507]
000000000715,0,[287 88 320 120]
000000000715,0,[146 111 181 151]
000000000715,0,[158 77 173 101]
000000000715,0,[245 233 319 300]
000000000724,0,[70 118 227 256]
000000000724,0,[258 202 288 223]
000000000730,0,[100 126 398 455]
000000000730,0,[291 441 344 490]
000000000730,0,[205 401 243 431]
000000000730,0,[199 364 233 385]
000000000730,0,[198 352 233 379]
000000000730,0,[279 9 358 103]
000000000757,0,[25 69 413 580]
000000000761,0,[127 487 481 610]
000000000761,0,[104 300 359 396]
000000000761,0,[81 176 470 330]
000000000761,0,[125 385 366 471]
000000000761,0,[146 118 204 145]
000000000761,0,[128 571 227 618]
000000000761,0,[140 49 223 88]
000000000761,0,[199 -6 483 168]
000000000761,0,[130 146 281 192]
000000000761,0,[126 395 172 416]
000000000761,0,[335 323 401 481]
000000000761,0,[320 269 370 400]
000000000764,0,[126 245 338 438]
000000000764,0,[106 183 207 221]
000000000764,0,[95 68 282 153]
000000000764,0,[106 448 170 480]
000000000764,0,[107 36 167 54]
000000000764,0,[108 232 167 262]
000000000764,0,[119 433 159 447]
000000000764,0,[115 56 158 72]
000000000764,0,[121 409 157 423]
000000000764,0,[108 269 161 292]
000000000764,0,[115 390 161 406]
000000000764,0,[108 45 163 456]
000000000764,0,[116 171 155 186]
000000000764,0,[115 310 156 331]
000000000764,0,[115 143 137 158]
000000000764,0,[115 384 160 399]
000000000772,0,[78 329 314 524]
000000000772,0,[98 23 328 359]
000000000772,0,[98 23 328 359]
000000000775,0,[0 293 229 519]
000000000775,0,[128 74 422 629]
000000000776,0,[253 7 647 309]
000000000776,0,[14 105 527 428]
000000000785,0,[43 285 387 486]
000000000785,0,[355 187 394 632]
000000000802,0,[183 233 541 419]
000000000802,0,[288 42 527 157]
000000000810,0,[8 128 156 331]
000000000810,0,[4 0 155 79]
000000000810,0,[0 421 71 458]
000000000810,0,[120 18 475 628]
000000000810,0,[4 481 75 528]
000000000810,0,[105 275 171 354]
000000000810,0,[8 567 85 638]
000000000810,0,[195 123 310 333]
000000000827,0,[71 158 421 393]
000000000831,0,[100 145 269 278]
000000000831,0,[237 135 308 229]
000000000831,0,[254 283 281 292]
000000000831,0,[261 304 270 325]
000000000836,0,[39 183 132 304]
000000000836,0,[67 202 168 283]
000000000872,0,[114 156 602 374]
000000000872,0,[93 289 561 436]
000000000872,0,[160 373 201 432]
000000000873,0,[280 148 293 161]
000000000885,0,[271 398 310 478]
000000000885,0,[171 286 396 413]
000000000885,0,[38 594 249 640]
000000000885,0,[85 301 221 398]
000000000923,0,[108 179 409 445]
000000000923,0,[160 579 193 638]
000000000923,0,[150 542 182 597]
000000000923,0,[141 469 163 507]
000000000923,0,[148 509 169 537]
000000000939,0,[17 462 147 596]
000000000939,0,[394 112 476 332]
000000000939,0,[327 340 390 484]
000000000939,0,[258 182 316 249]
000000000962,0,[135 35 644 383]
000000000962,0,[221 214 387 404]
000000000962,0,[329 344 357 371]
000000000969,0,[365 84 635 248]
000000000969,0,[265 175 487 292]
000000000969,0,[269 252 290 273]
000000000969,0,[549 99 621 136]
000000000974,0,[43 172 199 262]
000000000974,0,[55 64 206 169]
000000000974,0,[199 51 473 205]
000000000974,0,[53 144 187 206]
000000000974,0,[47 111 120 158]
000000000985,0,[136 38 314 617]
000000000985,0,[234 308 296 337]
000000000985,0,[223 399 293 427]
000000000985,0,[245 378 292 401]
000000000985,0,[183 82 200 108]
000000000985,0,[160 387 196 414]
000000000985,0,[238 350 278 378]
000000000985,0,[263 363 295 386]
000000000985,0,[185 125 199 141]
000000000985,0,[159 410 196 438]
000000000985,0,[161 163 199 200]
000000000985,0,[247 334 293 362]
000000000985,0,[158 375 196 393]
000000000985,0,[164 292 198 320]
000000000987,0,[84 80 464 530]
000000000987,0,[93 36 147 84]
000000000987,0,[10 37 46 69]
000000000987,0,[78 91 126 135]
000000000987,0,[48 73 80 90]
000000000987,0,[48 48 77 64]
000000000987,0,[22 71 50 90]
000000000987,0,[93 515 125 571]
000000000987,0,[47 62 81 74]
000000000987,0,[-1 69 25 96]
000000000987,0,[49 82 80 98]
000000000987,0,[6 53 46 80]
000000000999,0,[103 258 302 611]
000000000999,0,[8 22 297 201]
000000000999,0,[11 2 117 37]
000000001000,0,[95 266 410 354]
000000001000,0,[150 336 467 414]
000000001000,0,[186 211 415 294]
000000001000,0,[153 117 383 200]
000000001000,0,[188 407 480 516]
000000001000,0,[178 389 471 465]
000000001000,0,[192 495 476 638]
000000001000,0,[112 412 233 500]
000000001000,0,[197 30 395 106]
000000001000,0,[221 205 321 262]
000000001000,0,[298 49 400 91]
000000001000,0,[123 354 197 406]
000000001000,0,[151 191 359 269]
000000001029,0,[307 121 376 335]
000000001063,0,[173 161 546 286]
000000001089,0,[78 55 566 588]
000000001089,0,[486 286 572 370]
000000001089,0,[362 279 574 348]
000000001103,0,[252 111 275 151]
000000001103,0,[253 176 272 208]
000000001103,0,[221 302 236 328]
000000001103,0,[246 303 262 329]
000000001103,0,[243 363 259 385]
000000001138,0,[89 253 260 344]
000000001138,0,[198 313 323 511]
000000001138,0,[67 11 111 74]
000000001138,0,[276 243 374 483]
000000001138,0,[203 1 356 134]
000000001146,0,[23 1 617 317]
000000001146,0,[244 128 633 207]
000000001149,0,[31 101 229 217]
000000001149,0,[46 383 349 482]
000000001149,0,[33 239 280 337]
000000001149,0,[40 534 354 638]
000000001149,0,[64 485 231 522]
000000001149,0,[39 510 327 567]
000000001149,0,[17 301 342 396]
000000001149,0,[94 152 177 175]
000000001149,0,[96 58 153 80]
000000001149,0,[98 42 153 61]
000000001149,0,[90 529 175 546]
000000001149,0,[100 397 172 421]
000000001149,0,[66 118 95 145]
000000001153,0,[75 3 227 407]
000000001153,0,[-1 0 164 56]
000000001153,0,[188 136 338 447]
000000001164,0,[36 348 217 453]
000000001164,0,[73 2 352 406]
000000001164,0,[131 265 293 411]
000000001171,0,[33 114 382 431]
000000001171,0,[310 0 348 59]
000000001176,0,[269 189 382 244]
000000001176,0,[334 89 396 108]
000000001176,0,[348 67 398 84]
000000001176,0,[369 202 386 236]
000000001176,0,[305 373 340 382]
000000001176,0,[358 129 371 136]
000000001176,0,[358 117 374 125]
000000001176,0,[356 156 371 164]
000000001176,0,[352 178 372 188]
000000001176,0,[357 143 370 149]
000000001176,0,[385 151 420 340]
000000001176,0,[353 163 370 171]
000000001180,0,[126 126 427 317]
000000001180,0,[237 32 431 123]
000000001180,0,[401 0 634 432]
000000001180,0,[225 371 389 428]
000000001180,0,[252 0 451 54]
000000001180,0,[399 178 495 403]
000000001180,0,[283 341 397 400]
000000001180,0,[353 295 400 314]
000000001205,0,[238 106 365 315]
000000001228,0,[39 105 462 610]
000000001228,0,[20 573 247 641]
000000001228,0,[98 -6 450 245]
000000001228,0,[-3 143 45 210]
000000001244,0,[288 425 329 524]
000000001244,0,[221 192 267 288]
000000001244,0,[326 476 411 527]
000000001268,0,[87 499 418 631]
000000001268,0,[206 402 295 469]
000000001268,0,[203 497 395 596]
000000001268,0,[214 18 287 73]
000000001268,0,[212 -2 286 30]
000000001268,0,[227 193 256 264]
000000001270,0,[145 46 397 142]
000000001270,0,[182 125 408 204]
000000001270,0,[135 478 271 562]
000000001270,0,[211 385 401 457]
000000001270,0,[46 204 157 264]
000000001270,0,[129 209 232 275]
000000001270,0,[126 146 224 209]
000000001270,0,[85 335 232 375]
000000001270,0,[252 181 279 198]
000000001270,0,[139 0 225 33]
000000001270,0,[117 307 235 350]
000000001270,0,[311 393 358 417]
000000001290,0,[258 109 513 438]
000000001290,0,[114 330 552 637]
000000001290,0,[9 25 305 413]
000000001292,0,[22 64 430 490]
000000001292,0,[50 211 306 442]
000000001292,0,[188 296 427 526]
000000001292,0,[226 64 262 102]
000000001296,0,[13 2 638 419]
000000001296,0,[142 288 281 376]
000000001296,0,[20 270 232 420]
000000001340,0,[187 200 325 271]
000000001342,0,[372 387 483 611]
000000001342,0,[-6 117 469 640]
000000001342,0,[267 27 482 140]
000000001347,0,[178 24 286 183]
000000001347,0,[111 359 323 502]
000000001347,0,[265 169 287 199]
000000001347,0,[310 354 338 399]
000000001347,0,[254 232 323 390]
000000001347,0,[235 204 262 242]
000000001353,0,[196 60 372 252]
000000001353,0,[134 146 192 208]
000000001353,0,[160 221 214 281]
000000001353,0,[202 174 394 263]
000000001369,0,[135 265 399 357]
000000001369,0,[210 312 285 394]
000000001374,0,[68 44 365 536]
000000001393,0,[438 129 632 250]
000000001393,0,[138 27 625 433]
000000001398,0,[61 72 368 255]
000000001398,0,[85 29 477 395]
000000001404,0,[224 159 510 440]
000000001404,0,[61 6 579 478]
000000001404,0,[201 243 357 442]
000000001425,0,[183 48 394 428]
000000001425,0,[211 491 371 638]
000000001436,0,[107 38 352 298]
000000001436,0,[-1 1 236 120]
000000001436,0,[106 129 291 350]
000000001436,0,[27 101 364 485]
000000001442,0,[207 272 329 374]
000000001448,0,[16 111 338 380]
000000001464,0,[99 355 223 504]
000000001490,0,[117 456 242 501]
000000001503,0,[155 167 200 306]
000000001503,0,[99 1 234 122]
000000001503,0,[180 124 199 158]
000000001503,0,[14 121 111 248]
000000001525,0,[55 -15 313 576]
000000001532,0,[365 223 484 416]
000000001532,0,[378 -2 482 116]
000000001532,0,[394 424 454 495]
000000001532,0,[403 201 429 232]
000000001532,0,[401 407 440 433]
000000001532,0,[396 500 442 548]
000000001532,0,[376 101 441 188]
000000001532,0,[376 101 441 188]
000000001554,0,[178 347 404 449]
000000001554,0,[24 550 271 608]
000000001554,0,[211 242 413 387]
000000001554,0,[201 155 410 281]
000000001554,0,[15 422 255 489]
000000001554,0,[21 480 95 533]
000000001554,0,[7 401 91 445]
000000001554,0,[-4 615 298 638]
000000001554,0,[4 179 137 442]
000000001554,0,[27 526 264 578]
000000001554,0,[28 428 92 481]
000000001561,0,[121 16 366 601]
000000001563,0,[87 49 654 393]
000000001573,0,[47 300 92 355]
000000001573,0,[205 19 472 345]
000000001577,0,[273 93 629 353]
000000001577,0,[418 326 598 423]
000000001584,0,[90 124 521 523]
000000001584,0,[376 78 430 99]
000000001584,0,[314 572 405 609]
000000001584,0,[317 505 384 568]
000000001584,0,[384 113 429 128]
000000001584,0,[308 186 369 258]
000000001591,0,[416 24 479 163]
000000001591,0,[208 488 357 564]
000000001591,0,[190 333 370 428]
000000001591,0,[101 220 326 287]
000000001591,0,[127 189 535 640]
000000001591,0,[398 11 456 125]
000000001592,0,[243 117 567 391]
000000001592,0,[355 92 584 323]
000000001592,0,[77 43 207 389]
000000001599,0,[291 365 360 440]
000000001599,0,[173 314 228 332]
000000001599,0,[253 78 310 102]
000000001599,0,[282 348 307 373]
000000001599,0,[169 400 221 420]
000000001599,0,[170 337 228 355]
000000001599,0,[246 61 315 82]
000000001599,0,[167 393 221 408]
000000001599,0,[204 63 247 78]
000000001599,0,[201 30 247 47]
000000001599,0,[250 31 300 52]
000000001599,0,[219 134 249 148]
000000001599,0,[219 159 250 173]
000000001599,0,[185 299 215 310]
000000001599,0,[219 148 250 160]
000000001626,0,[17 185 347 398]
000000001626,0,[67 47 364 276]
000000001626,0,[141 368 366 494]
000000001626,0,[154 278 270 353]
000000001626,0,[227 86 256 121]
000000001647,0,[86 13 243 317]
000000001655,0,[225 78 432 339]
000000001655,0,[296 271 344 293]
000000001667,0,[152 97 654 427]
000000001667,0,[207 20 372 179]
000000001667,0,[194 1 335 48]
000000001667,0,[315 191 359 243]
000000001668,0,[130 402 482 563]
000000001668,0,[156 2 486 124]
000000001668,0,[352 260 378 413]
000000001675,0,[26 20 336 625]
000000001675,0,[378 67 472 546]
000000001682,0,[61 385 132 470]
000000001700,0,[44 217 410 400]
000000001700,0,[368 232 421 377]
000000001722,0,[278 152 388 204]
000000001722,0,[326 126 412 256]
000000001722,0,[280 471 357 591]
000000001722,0,[259 151 285 222]
000000001722,0,[262 396 332 422]
000000001722,0,[304 304 352 350]
000000001739,0,[264 90 398 558]
000000001757,0,[142 444 210 470]
000000001757,0,[207 297 497 510]
000000001757,0,[237 132 529 237]
000000001757,0,[238 256 310 280]
000000001757,0,[129 345 198 374]
000000001757,0,[238 314 312 337]
000000001757,0,[237 238 309 256]
000000001757,0,[232 285 315 317]
000000001757,0,[24 0 536 120]
000000001757,0,[63 61 366 257]
000000001757,0,[291 492 331 515]
000000001757,0,[288 469 331 493]
000000001761,0,[139 280 184 332]
000000001761,0,[9 152 85 222]
000000001779,0,[339 125 375 171]
000000001779,0,[334 229 376 288]
000000001799,0,[136 149 310 479]
000000001799,0,[236 49 276 108]
000000001799,0,[229 9 306 46]
000000001799,0,[233 0 285 15]
000000001803,0,[168 391 222 484]
000000001803,0,[330 0 494 121]
000000001803,0,[250 0 334 101]
000000001803,0,[168 391 222 484]
000000001818,0,[4 9 409 623]
000000001840,0,[135 235 179 302]
000000001840,0,[226 218 273 305]
000000001840,0,[187 186 221 271]
000000001840,0,[21 239 77 314]
000000001840,0,[1 448 60 646]
000000001840,0,[122 203 153 255]
000000001840,0,[389 190 416 310]
000000001840,0,[356 305 406 457]
000000001840,0,[119 310 193 439]
000000001840,0,[120 190 149 217]
000000001840,0,[368 176 392 245]
000000001840,0,[63 214 102 273]
000000001841,0,[2 1 361 502]
000000001841,0,[255 85 357 250]
000000001852,0,[102 64 411 244]
000000001856,0,[9 358 127 439]
000000001869,0,[-2 379 328 642]
000000001869,0,[136 301 310 529]
000000001869,0,[-5 2 340 211]
000000001903,0,[125 71 259 477]
000000001948,0,[110 142 594 352]
000000001948,0,[274 51 543 257]
000000001955,0,[457 109 639 209]
000000001955,0,[112 154 333 400]
000000001960,0,[353 87 644 412]
000000001960,0,[146 66 506 257]
000000001960,0,[-3 296 187 386]
000000001960,0,[-4 12 182 89]
000000001960,0,[443 46 495 100]
000000001987,0,[61 201 210 286]
000000001987,0,[19 258 35 283]
000000001993,0,[191 256 412 603]
000000001993,0,[246 110 410 221]
000000001993,0,[247 10 410 152]
000000002006,0,[66 41 436 603]
000000002006,0,[255 10 364 52]
000000002006,0,[187 316 257 381]
000000002006,0,[2 58 32 70]
000000002014,0,[102 64 231 121]
000000002014,0,[136 268 333 449]
000000002014,0,[132 414 233 454]
000000002014,0,[145 9 255 167]
000000002014,0,[149 568 235 601]
000000002014,0,[301 283 333 363]
000000002014,0,[137 528 232 565]
000000002014,0,[183 410 238 439]
000000002014,0,[143 457 225 489]
000000002061,0,[55 135 232 214]
000000002124,0,[186 286 226 334]
000000002124,0,[191 221 228 279]
000000002124,0,[162 291 200 316]
000000002124,0,[205 148 220 161]
000000002124,0,[200 93 278 654]
000000002124,0,[262 49 278 59]
000000002124,0,[216 332 227 342]
000000002142,0,[39 171 281 314]
000000002142,0,[53 52 341 442]
000000002142,0,[310 24 375 119]
000000002142,0,[307 286 361 352]
000000002142,0,[113 313 156 388]
000000002142,0,[116 468 161 487]
000000002142,0,[326 219 381 289]
000000002142,0,[307 133 370 198]
000000002142,0,[150 127 261 372]
000000002142,0,[150 127 261 372]
000000002142,0,[296 469 355 498]
000000002149,0,[94 33 417 616]
000000002149,0,[88 90 315 335]
000000002149,0,[73 330 340 592]
000000002153,0,[297 279 446 457]
000000002153,0,[188 373 236 458]
000000002153,0,[1 181 126 235]
000000002153,0,[307 270 443 363]
000000002153,0,[210 370 387 443]
000000002154,0,[272 14 411 172]
000000002154,0,[65 64 107 93]
000000002154,0,[74 395 179 640]
000000002154,0,[81 173 108 201]
000000002154,0,[87 220 155 244]
000000002154,0,[10 6 42 151]
000000002157,0,[51 227 198 301]
000000002157,0,[70 -2 444 650]
000000002157,0,[67 169 183 235]
000000002157,0,[38 55 173 106]
000000002157,0,[172 15 359 266]
000000002157,0,[17 123 157 193]
000000002157,0,[291 216 413 350]
000000002157,0,[90 95 166 157]
000000002157,0,[13 110 106 163]
000000002164,0,[283 281 311 317]
000000002164,0,[284 379 321 414]
000000002164,0,[262 583 279 606]
000000002164,0,[284 329 316 365]
000000002164,0,[274 231 298 257]
000000002164,0,[284 315 316 339]
000000002164,0,[274 183 297 200]
000000002164,0,[254 83 262 96]
000000002164,0,[251 133 258 144]
000000002164,0,[258 290 268 305]
000000002164,0,[251 107 259 118]
000000002164,0,[256 285 265 299]
000000002164,0,[249 164 256 174]
000000002164,0,[250 169 258 184]
000000002164,0,[249 103 258 114]
000000002171,0,[205 247 263 300]
000000002171,0,[238 157 292 246]
000000002171,0,[237 355 263 380]
000000002171,0,[263 228 292 435]
000000002179,0,[29 204 166 353]
000000002179,0,[17 375 385 638]
000000002179,0,[125 189 166 241]
000000002179,0,[58 247 205 400]
000000002179,0,[23 191 124 272]
000000002179,0,[23 191 124 272]
000000002191,0,[68 211 241 304]
000000002191,0,[122 5 137 14]
000000002212,0,[166 229 274 435]
000000002212,0,[66 100 429 632]
000000002212,0,[151 202 215 317]
000000002225,0,[106 195 251 323]
000000002225,0,[16 24 364 485]
000000002235,0,[-18 127 450 411]
000000002235,0,[138 137 271 275]
000000002239,0,[33 52 428 352]
000000002239,0,[164 327 320 623]
000000002239,0,[125 605 158 632]
000000002240,0,[207 25 573 584]
000000002255,0,[-1 2 433 529]
000000002261,0,[147 284 272 384]
000000002261,0,[247 260 294 353]
000000002290,0,[375 42 656 461]
000000002295,0,[10 62 155 479]
000000002295,0,[73 15 415 547]
000000002299,0,[191 141 296 214]
000000002299,0,[192 326 285 389]
000000002299,0,[197 263 284 328]
000000002299,0,[191 204 286 265]
000000002299,0,[136 4 276 48]
000000002299,0,[136 431 274 479]
000000002299,0,[130 110 275 152]
000000002299,0,[194 386 288 453]
000000002299,0,[130 392 221 439]
000000002299,0,[131 352 240 402]
000000002299,0,[132 40 281 81]
000000002299,0,[89 1 166 51]
000000002299,0,[125 316 242 362]
000000002299,0,[83 47 160 99]
000000002299,0,[124 250 231 293]
000000002299,0,[124 212 226 257]
000000002299,0,[29 394 112 441]
000000002299,0,[184 70 304 135]
000000002299,0,[35 58 120 112]
000000002299,0,[125 146 233 186]
000000002299,0,[83 96 159 147]
000000002299,0,[82 407 163 454]
000000002299,0,[59 331 77 337]
000000002299,0,[27 163 114 214]
000000002299,0,[26 351 110 397]
000000002299,0,[32 44 265 452]
000000002299,0,[52 282 64 290]
000000002299,0,[82 317 155 369]
000000002299,0,[87 447 184 491]
000000002299,0,[119 182 231 221]
000000002299,0,[23 211 107 262]
000000002299,0,[62 410 77 416]
000000002299,0,[85 365 162 411]
000000002299,0,[87 145 155 189]
000000002299,0,[67 224 152 280]
000000002299,0,[27 112 115 164]
000000002299,0,[226 103 243 110]
000000002299,0,[25 312 110 361]
000000002299,0,[20 260 110 311]
000000002299,0,[124 290 231 327]
000000002299,0,[138 73 221 116]
000000002302,0,[43 149 358 357]
000000002302,0,[179 185 478 334]
000000002302,0,[37 173 137 228]
000000002302,0,[121 143 234 191]
000000002315,0,[204 416 245 449]
000000002315,0,[216 37 254 80]
000000002315,0,[274 310 309 335]
000000002315,0,[325 250 368 278]
000000002315,0,[193 72 225 94]
000000002315,0,[259 14 288 50]
000000002315,0,[224 392 247 413]
000000002315,0,[296 473 328 500]
000000002315,0,[214 339 251 372]
000000002315,0,[293 225 321 259]
000000002315,0,[298 505 327 536]
000000002315,0,[281 256 302 281]
000000002315,0,[315 482 340 512]
000000002346,0,[126 27 475 638]
000000002346,0,[216 135 334 216]
000000002346,0,[235 421 330 481]
000000002346,0,[221 271 333 337]
000000002388,0,[55 166 345 327]
000000002388,0,[59 382 107 484]
000000002431,0,[-10 301 215 426]
000000002431,0,[382 47 469 178]
000000002431,0,[392 108 558 215]
000000002431,0,[115 184 197 246]
000000002431,0,[409 359 635 453]
000000002431,0,[87 17 657 440]
000000002431,0,[10 199 123 448]
000000002434,0,[73 295 314 577]
000000002434,0,[187 77 406 331]
000000002434,0,[256 428 305 492]
000000002453,0,[44 67 347 372]
000000002473,0,[275 443 382 498]
000000002473,0,[98 233 244 378]
000000002473,0,[343 118 387 144]
000000002473,0,[327 31 354 61]
000000002473,0,[221 284 266 326]
000000002477,0,[5 31 369 326]
000000002477,0,[-2 368 87 494]
000000002477,0,[195 321 277 440]
000000002477,0,[-1 189 61 282]
000000002477,0,[7 241 74 411]
000000002477,0,[293 4 366 191]
000000002477,0,[9 2 135 89]
000000002495,0,[110 154 446 477]
000000002521,0,[270 413 341 500]
000000002525,0,[-8 238 426 462]
000000002525,0,[124 150 189 226]
000000002525,0,[363 191 423 248]
000000002525,0,[342 243 416 303]
000000002525,0,[346 511 418 564]
000000002525,0,[356 557 427 618]
000000002525,0,[202 167 267 222]
000000002525,0,[327 457 416 516]
000000002525,0,[364 115 425 174]
000000002525,0,[280 177 356 238]
000000002525,0,[280 92 358 160]
000000002525,0,[354 46 426 121]
000000002525,0,[198 117 266 169]
000000002525,0,[110 426 237 476]
000000002525,0,[198 210 264 255]
000000002525,0,[131 471 185 502]
000000002525,0,[273 239 319 296]
000000002529,0,[347 240 397 334]
000000002529,0,[12 30 104 132]
000000002529,0,[336 210 364 240]
000000002529,0,[337 178 345 187]
000000002529,0,[338 188 346 196]
000000002532,0,[303 184 474 282]
000000002532,0,[443 218 484 268]
000000002562,0,[-4 314 423 540]
000000002562,0,[195 514 421 579]
000000002562,0,[113 494 172 557]
000000002562,0,[66 27 144 79]
000000002562,0,[141 28 272 105]
000000002562,0,[71 509 150 569]
000000002562,0,[100 564 171 627]
000000002562,0,[25 541 93 586]
000000002562,0,[142 229 190 279]
000000002562,0,[44 573 115 624]
000000002562,0,[0 392 116 431]
000000002562,0,[93 261 159 307]
000000002562,0,[217 9 276 78]
000000002562,0,[38 7 112 49]
000000002562,0,[121 284 190 326]
000000002562,0,[-2 388 18 422]
000000002562,0,[152 0 239 36]
000000002562,0,[89 218 157 268]
000000002562,0,[148 181 192 231]
000000002587,0,[94 65 354 444]
000000002587,0,[22 164 248 420]
000000002592,0,[226 35 327 600]
000000002592,0,[54 216 223 444]
000000002592,0,[30 -31 321 677]
000000002613,0,[75 520 217 621]
000000002613,0,[186 402 230 611]
000000002613,0,[138 432 184 527]
000000002621,0,[98 434 178 477]
000000002640,0,[194 51 293 472]
000000002684,0,[144 66 267 156]
000000002684,0,[146 236 320 322]
000000002684,0,[138 392 306 434]
000000002684,0,[112 433 291 611]
000000002684,0,[135 178 313 240]
000000002684,0,[161 523 280 619]
000000002684,0,[113 249 189 363]
000000002684,0,[132 31 225 136]
000000002685,0,[126 170 548 477]
000000002685,0,[42 328 435 619]
000000002685,0,[225 19 550 211]
000000002690,0,[283 350 297 378]
000000002690,0,[278 435 293 461]
000000002690,0,[253 313 265 331]
000000002690,0,[252 216 262 236]
000000002690,0,[159 201 200 227]
000000002690,0,[229 295 236 329]
000000002753,0,[9 100 356 456]
000000002753,0,[105 136 220 267]
000000002759,0,[117 7 396 345]
000000002759,0,[0 260 229 617]
000000002759,0,[295 413 403 632]
000000002759,0,[271 24 320 80]
000000002759,0,[16 32 411 618]
000000002759,0,[317 135 339 178]
000000002759,0,[262 98 327 179]
000000002764,0,[171 96 271 312]
000000002764,0,[95 318 117 332]
000000002822,0,[286 40 359 78]
000000002839,0,[3 118 466 618]
000000002839,0,[169 0 477 184]
000000002867,0,[89 432 425 591]
000000002867,0,[55 38 258 144]
000000002867,0,[65 213 331 336]
000000002867,0,[85 82 411 228]
000000002867,0,[89 320 279 403]
000000002867,0,[294 170 360 345]
000000002867,0,[253 284 299 438]
000000002881,0,[275 478 330 500]
000000002881,0,[275 444 330 464]
000000002890,0,[169 173 434 278]
000000002890,0,[230 412 387 507]
000000002890,0,[179 489 328 553]
000000002890,0,[184 50 297 191]
000000002890,0,[208 550 305 639]
000000002890,0,[230 -1 353 64]
000000002890,0,[187 241 227 292]
000000002890,0,[191 292 220 334]
000000002890,0,[182 373 218 385]
000000002890,0,[173 396 243 506]
000000002890,0,[185 318 212 349]
000000002890,0,[394 183 471 240]
000000002890,0,[183 378 216 389]
000000002890,0,[194 176 278 235]
000000002894,0,[221 166 336 250]
000000002894,0,[34 -3 611 99]
000000002894,0,[156 112 178 125]
000000002923,0,[242 271 257 281]
000000002923,0,[236 137 253 147]
000000002923,0,[160 174 166 184]
000000002972,0,[141 211 353 424]
000000002972,0,[103 406 385 639]
000000002985,0,[232 443 393 527]
000000002985,0,[356 553 421 592]
000000002985,0,[265 391 460 556]
000000002985,0,[339 302 389 376]
000000002988,0,[149 190 240 377]
000000002988,0,[44 77 387 438]
000000002988,0,[-1 12 250 125]
000000002988,0,[117 164 320 405]
000000003001,0,[324 378 381 430]
000000003001,0,[279 378 329 439]
000000003001,0,[40 44 469 595]
000000003001,0,[275 162 436 313]
000000003001,0,[121 211 193 316]
000000003001,0,[364 392 441 469]
000000003001,0,[358 465 434 541]
000000003001,0,[331 427 380 477]
000000003001,0,[278 441 341 500]
000000003001,0,[119 328 204 449]
000000003001,0,[-1 172 96 502]
000000003001,0,[269 196 321 250]
000000003014,0,[179 5 488 378]
000000003035,0,[227 223 284 391]
000000003035,0,[269 0 311 27]
000000003035,0,[291 466 328 557]
000000003035,0,[283 610 312 641]
000000003035,0,[280 528 295 569]
000000003067,0,[3 226 314 497]
000000003067,0,[171 140 270 229]
000000003084,0,[124 197 334 442]
000000003091,0,[94 254 404 607]
000000003091,0,[170 2 472 179]
000000003091,0,[16 25 477 638]
000000003091,0,[22 207 175 296]
000000003091,0,[-2 368 122 443]
000000003091,0,[221 145 340 301]
000000003091,0,[371 488 487 636]
000000003091,0,[-8 61 136 194]
000000003093,0,[116 287 331 626]
000000003093,0,[10 382 214 579]
000000003103,0,[36 72 292 373]
000000003103,0,[152 50 305 217]
000000003109,0,[268 227 575 335]
000000003109,0,[436 0 631 77]
000000003125,0,[11 225 245 631]
000000003125,0,[81 132 161 185]
000000003134,0,[43 -7 352 387]
000000003134,0,[103 378 130 391]
000000003134,0,[204 454 245 494]
000000003134,0,[205 519 216 528]
000000003134,0,[145 516 176 527]
000000003145,0,[248 357 384 514]
000000003145,0,[275 90 423 235]
000000003145,0,[227 165 294 212]
000000003145,0,[313 301 327 333]
000000003145,0,[212 223 229 227]
000000003145,0,[191 222 205 227]
000000003145,0,[233 309 299 375]
000000003145,0,[191 217 205 222]
000000003145,0,[211 217 228 221]
000000003145,0,[366 459 390 509]
000000003149,0,[417 128 480 150]
000000003149,0,[415 214 476 270]
000000003156,0,[26 -3 611 421]
000000003156,0,[246 261 586 452]
000000003192,0,[7 -2 156 80]
000000003192,0,[42 12 434 597]
000000003192,0,[40 310 123 618]
000000003192,0,[2 164 30 239]
000000003192,0,[42 12 434 597]
000000003209,0,[198 42 398 111]
000000003209,0,[48 324 363 429]
000000003209,0,[205 -2 413 38]
000000003209,0,[87 131 532 617]
000000003209,0,[233 193 324 234]
000000003217,0,[368 62 498 423]
000000003244,0,[12 285 192 484]
000000003244,0,[247 318 291 360]
000000003244,0,[84 99 284 285]
000000003244,0,[186 312 280 536]
000000003255,0,[314 258 357 274]
000000003255,0,[313 295 351 313]
000000003255,0,[315 272 356 288]
000000003255,0,[314 235 358 251]
000000003310,0,[32 6 679 480]
000000003310,0,[281 97 452 273]
000000003326,0,[176 396 310 523]
000000003326,0,[194 207 293 297]
000000003326,0,[109 428 156 629]
000000003326,0,[247 190 346 537]
000000003335,0,[29 60 599 431]
000000003337,0,[-10 -3 404 413]
000000003337,0,[164 330 206 427]
000000003337,0,[3 132 45 391]
000000003337,0,[2 434 91 629]
000000003342,0,[55 23 370 589]
000000003378,0,[96 166 274 284]
000000003378,0,[203 131 353 180]
000000003378,0,[252 342 454 412]
000000003378,0,[133 -1 387 69]
000000003378,0,[202 72 398 145]
000000003378,0,[185 18 385 94]
000000003378,0,[294 303 414 334]
000000003378,0,[313 244 390 267]
000000003382,0,[30 318 364 636]
000000003382,0,[59 491 259 619]
000000003382,0,[42 173 364 376]
000000003382,0,[115 478 161 517]
000000003382,0,[97 110 231 207]
000000003382,0,[174 380 395 488]
000000003382,0,[166 263 312 305]
000000003382,0,[74 168 292 259]
000000003425,0,[206 -15 431 459]
000000003425,0,[137 439 180 459]
000000003425,0,[231 202 312 279]
000000003425,0,[132 418 183 432]
000000003425,0,[126 408 186 422]
000000003425,0,[83 256 188 393]
000000003425,0,[142 433 179 441]
000000003425,0,[136 429 181 446]
000000003466,0,[4 16 378 483]
000000003480,0,[161 196 333 379]
000000003480,0,[111 69 354 251]
000000003480,0,[134 311 306 554]
000000003480,0,[211 32 232 46]
000000003488,0,[260 223 290 248]
000000003488,0,[84 189 279 342]
000000003501,0,[64 115 209 253]
000000003553,0,[253 164 375 390]
000000003553,0,[8 47 312 412]
000000003580,0,[62 22 484 627]
000000003580,0,[43 103 174 160]
000000003580,0,[48 150 202 234]
000000003580,0,[268 217 316 306]
000000003580,0,[47 230 161 271]
000000003590,0,[168 375 386 448]
000000003590,0,[153 154 367 234]
000000003590,0,[180 112 272 157]
000000003590,0,[193 227 224 272]
000000003590,0,[133 332 172 477]
000000003590,0,[67 0 490 82]
000000003590,0,[283 543 368 633]
000000003590,0,[255 362 343 393]
000000003590,0,[130 118 183 235]
000000003590,0,[246 455 324 513]
000000003590,0,[172 92 192 143]
000000003595,0,[278 303 438 341]
000000003595,0,[323 345 432 380]
000000003595,0,[269 261 439 301]
000000003595,0,[336 433 457 479]
000000003595,0,[461 42 638 123]
000000003595,0,[328 408 449 445]
000000003595,0,[460 205 633 267]
000000003595,0,[531 376 645 471]
000000003595,0,[323 384 442 419]
000000003595,0,[271 217 454 253]
000000003595,0,[281 -11 649 497]
000000003595,0,[503 311 635 388]
000000003595,0,[286 83 468 141]
000000003595,0,[282 142 465 195]
000000003595,0,[327 367 433 396]
000000003595,0,[267 417 296 474]
000000003595,0,[478 264 624 306]
000000003595,0,[278 243 431 268]
000000003595,0,[382 18 490 59]
000000003595,0,[386 40 476 79]
000000003661,0,[19 43 182 509]
000000003661,0,[20 564 250 639]
000000003690,0,[25 6 468 638]
000000003693,0,[73 130 420 275]
000000003693,0,[59 371 409 504]
000000003693,0,[56 274 266 328]
000000003693,0,[57 312 263 370]
000000003693,0,[69 350 274 420]
000000003693,0,[84 185 114 221]
000000003694,0,[13 191 105 256]
000000003694,0,[85 220 113 263]
000000003694,0,[102 475 114 492]
000000003694,0,[72 354 98 368]
000000003703,0,[-2 185 135 439]
000000003703,0,[213 159 389 262]
000000003703,0,[54 533 200 606]
000000003703,0,[127 318 207 413]
000000003703,0,[207 251 351 300]
000000003703,0,[145 149 207 204]
000000003703,0,[4 525 73 581]
000000003703,0,[134 2 262 128]
000000003711,0,[33 237 272 407]
000000003711,0,[26 25 611 525]
000000003716,0,[290 66 417 268]
000000003716,0,[97 237 420 402]
000000003716,0,[78 237 121 242]
000000003716,0,[77 249 116 255]
000000003716,0,[67 274 108 280]
000000003742,0,[331 281 436 363]
000000003742,0,[113 123 308 236]
000000003742,0,[183 240 322 477]
000000003742,0,[303 200 369 280]
000000003742,0,[326 373 416 462]
000000003742,0,[351 182 446 279]
000000003742,0,[183 240 322 477]
000000003761,0,[88 27 461 335]
000000003761,0,[10 221 358 635]
000000003771,0,[90 160 342 390]
000000003779,0,[39 417 259 535]
000000003779,0,[34 250 375 381]
000000003779,0,[41 477 360 631]
000000003779,0,[33 -2 360 166]
000000003779,0,[2 399 96 454]
000000003779,0,[39 79 257 195]
000000003779,0,[30 18 452 625]
000000003779,0,[4 183 61 285]
000000003779,0,[-2 332 72 376]
000000003779,0,[10 248 61 278]
000000003786,0,[138 386 453 636]
000000003786,0,[171 407 290 619]
000000003793,0,[133 28 365 604]
000000003793,0,[217 210 251 238]
000000003794,0,[38 307 417 627]
000000003817,0,[143 340 196 361]
000000003817,0,[142 241 204 331]
000000003817,0,[159 443 171 449]
000000003817,0,[263 252 387 304]
000000003817,0,[194 161 298 457]
000000003817,0,[163 384 170 389]
000000003817,0,[159 443 171 449]
000000003832,0,[157 158 263 581]
000000003837,0,[290 561 356 638]
000000003837,0,[126 578 261 632]
000000003837,0,[12 88 348 251]
000000003837,0,[188 431 228 453]
000000003837,0,[231 511 256 608]
000000003837,0,[178 380 223 399]
000000003837,0,[186 334 218 347]
000000003837,0,[180 289 189 316]
000000003837,0,[246 160 365 310]
000000003837,0,[179 53 222 68]
000000003837,0,[165 67 231 582]
000000003845,0,[11 -8 360 494]
000000003845,0,[0 108 58 183]
000000003845,0,[47 119 96 397]
000000003845,0,[87 167 142 208]
000000003845,0,[207 123 269 180]
000000003845,0,[194 259 265 295]
000000003845,0,[0 452 83 503]
000000003845,0,[137 217 188 275]
000000003849,0,[323 261 347 303]
000000003849,0,[321 298 339 326]
000000003849,0,[311 321 357 371]
000000003849,0,[321 409 349 440]
000000003849,0,[322 504 333 523]
000000003849,0,[322 380 333 391]
000000003849,0,[322 372 337 383]
000000003865,0,[346 502 365 517]
000000003865,0,[26 110 77 179]
000000003867,0,[90 26 307 334]
000000003867,0,[58 152 267 452]
000000003926,0,[140 377 366 629]
000000003926,0,[165 15 400 318]
000000003932,0,[141 197 440 512]
000000003934,0,[145 59 455 213]
000000003934,0,[108 199 229 236]
000000003934,0,[211 146 378 380]
000000003934,0,[83 154 217 204]
000000003934,0,[90 91 164 156]
000000003934,0,[279 219 309 237]
000000003934,0,[78 34 294 103]
000000003934,0,[132 297 193 326]
000000003938,0,[108 65 613 396]
000000003938,0,[171 0 557 93]
000000003938,0,[507 103 533 147]
000000003938,0,[312 69 386 142]
000000003938,0,[493 12 634 465]
000000003939,0,[23 26 392 188]
000000003939,0,[89 217 420 344]
000000003939,0,[8 -1 488 102]
000000003939,0,[106 167 253 314]
000000003939,0,[172 22 281 103]
000000003939,0,[53 289 93 312]
000000003947,0,[490 490 512 506]
000000003947,0,[498 567 523 601]
000000003947,0,[479 209 529 247]
000000003947,0,[489 288 529 321]
000000003947,0,[482 160 497 179]
000000003947,0,[490 243 527 268]
000000003947,0,[483 188 497 204]
000000003947,0,[477 30 490 46]
000000003947,0,[480 8 502 27]
000000003947,0,[483 63 508 83]
000000003947,0,[481 527 493 540]
000000003947,0,[481 151 495 171]
000000003947,0,[479 76 490 93]
000000003947,0,[481 68 499 87]
000000003947,0,[497 524 512 540]
000000003964,0,[48 367 411 504]
000000003964,0,[98 312 164 389]
000000003983,0,[51 9 236 296]
000000003983,0,[114 531 252 588]
000000003983,0,[104 584 247 640]
000000003983,0,[130 477 205 504]
000000003983,0,[126 134 294 195]
000000003983,0,[143 206 265 255]
000000003983,0,[135 277 235 309]
000000003983,0,[125 242 248 268]
000000003983,0,[142 327 208 348]
000000003983,0,[147 354 247 397]
000000003983,0,[138 307 204 328]
000000003983,0,[139 419 238 455]
000000003983,0,[218 185 296 232]
000000003983,0,[264 259 341 315]
000000003983,0,[320 62 390 214]
000000003983,0,[143 336 231 367]
000000004011,0,[20 65 544 363]
000000004011,0,[315 508 379 536]
000000004011,0,[293 283 517 491]
000000004021,0,[121 125 304 243]
000000004021,0,[15 241 146 285]
000000004021,0,[123 12 396 141]
000000004021,0,[142 219 411 329]
000000004021,0,[20 513 149 566]
000000004021,0,[28 336 131 376]
000000004021,0,[112 455 273 553]
000000004021,0,[88 554 107 567]
000000004021,0,[177 609 184 619]
000000004066,0,[155 157 287 285]
000000004066,0,[154 498 268 595]
000000004066,0,[261 247 284 360]
000000004069,0,[154 197 289 260]
000000004069,0,[171 313 311 373]
000000004069,0,[225 207 332 247]
000000004069,0,[245 321 336 359]
000000004069,0,[251 245 295 272]
000000004079,0,[320 232 602 296]
000000004079,0,[277 -4 646 223]
000000004092,0,[97 -14 647 488]
000000004092,0,[570 210 602 280]
000000004092,0,[264 437 637 509]
000000004092,0,[545 327 596 378]
000000004108,0,[136 289 226 368]
000000004108,0,[439 162 489 210]
000000004108,0,[415 134 463 186]
000000004108,0,[456 201 519 245]
000000004108,0,[492 364 627 455]
000000004108,0,[172 347 336 485]
000000004108,0,[429 232 468 289]
000000004108,0,[414 196 459 246]
000000004108,0,[465 243 507 299]
000000004108,0,[299 273 406 330]
000000004108,0,[381 324 415 385]
000000004108,0,[96 200 142 232]
000000004108,0,[0 416 221 478]
000000004108,0,[165 211 186 236]
000000004108,0,[274 249 380 291]
000000004108,0,[310 93 620 455]
000000004108,0,[389 132 433 164]
000000004108,0,[155 57 260 238]
000000004108,0,[416 92 461 133]
000000004108,0,[559 129 634 180]
000000004108,0,[269 433 355 482]
000000004108,0,[359 217 395 256]
000000004108,0,[161 253 187 290]
000000004108,0,[558 128 641 241]
000000004108,0,[188 235 212 260]
000000004108,0,[4 6 144 178]
000000004108,0,[-2 177 230 392]
000000004108,0,[422 342 452 394]
000000004108,0,[363 -7 633 115]
000000004108,0,[37 21 608 466]
000000004108,0,[418 243 502 298]
000000004125,0,[207 87 375 542]
000000004125,0,[243 290 297 308]
000000004125,0,[264 258 314 278]
000000004125,0,[291 17 373 123]
000000004125,0,[239 377 291 445]
000000004134,0,[58 218 403 590]
000000004134,0,[50 38 407 296]
000000004134,0,[200 395 361 436]
000000004134,0,[113 474 180 522]
000000004134,0,[130 235 209 271]
000000004134,0,[135 192 256 232]
000000004134,0,[119 294 281 339]
000000004134,0,[119 8 266 74]
000000004134,0,[102 570 253 637]
000000004134,0,[138 0 270 27]
000000004134,0,[133 64 213 101]
000000004134,0,[138 511 179 537]
000000004134,0,[141 548 195 578]
000000004134,0,[247 21 271 36]
000000004134,0,[246 223 267 236]
000000004134,0,[142 577 408 641]
000000004134,0,[254 214 332 317]
000000004157,0,[50 183 298 418]
000000004157,0,[507 310 591 365]
000000004157,0,[498 367 595 403]
000000004157,0,[498 51 594 111]
000000004157,0,[502 13 591 57]
000000004157,0,[404 457 474 497]
000000004157,0,[446 103 597 195]
000000004175,0,[339 408 371 434]
000000004175,0,[-5 86 483 650]
000000004175,0,[382 289 427 315]
000000004175,0,[273 101 324 126]
000000004175,0,[148 464 172 479]
000000004175,0,[255 515 280 529]
000000004175,0,[409 232 451 263]
000000004175,0,[285 430 307 443]
000000004175,0,[150 593 169 605]
000000004187,0,[17 103 428 554]
000000004187,0,[289 238 327 275]
000000004187,0,[362 431 429 562]
000000004211,0,[246 304 384 380]
000000004211,0,[215 183 595 409]
000000004211,0,[132 72 335 177]
000000004211,0,[163 293 313 374]
000000004211,0,[204 231 274 254]
000000004211,0,[186 0 266 415]
000000004211,0,[216 367 265 388]
000000004211,0,[201 75 237 95]
000000004211,0,[195 400 235 425]
000000004212,0,[207 266 315 467]
000000004212,0,[119 27 406 628]
000000004212,0,[119 27 406 628]
000000004212,0,[207 266 315 467]
000000004227,0,[129 140 644 292]
000000004227,0,[29 147 184 190]
000000004227,0,[58 120 76 139]
000000004229,0,[113 607 163 641]
000000004229,0,[121 72 339 339]
000000004229,0,[188 315 348 639]
000000004243,0,[113 168 436 337]
000000004243,0,[113 43 176 244]
000000004243,0,[180 281 343 387]
000000004243,0,[77 390 125 429]
000000004243,0,[127 271 199 380]
000000004243,0,[120 371 213 480]
000000004246,0,[330 297 593 416]
000000004246,0,[360 228 613 306]
000000004246,0,[346 232 404 296]
000000004246,0,[342 308 359 324]
000000004246,0,[343 414 361 426]
000000004246,0,[336 325 365 355]
000000004256,0,[288 263 468 294]
000000004256,0,[56 281 144 367]
000000004256,0,[169 404 254 497]
000000004256,0,[292 323 449 496]
000000004256,0,[251 512 444 537]
000000004256,0,[17 28 472 630]
000000004256,0,[38 100 64 262]
000000004256,0,[368 359 432 445]
000000004265,0,[245 103 409 177]
000000004265,0,[128 386 459 623]
000000004265,0,[75 140 412 308]
000000004265,0,[224 48 235 86]
000000004265,0,[204 309 412 397]
000000004265,0,[220 288 233 308]
000000004265,0,[180 568 380 639]
000000004266,0,[67 334 287 471]
000000004266,0,[41 232 128 277]
000000004266,0,[10 136 50 153]
000000004266,0,[13 157 50 172]
000000004266,0,[22 176 56 197]
000000004266,0,[262 324 311 497]
000000004266,0,[233 1 325 34]
000000004266,0,[311 7 330 100]
000000004266,0,[0 1 29 10]
000000004266,0,[101 559 144 580]
000000004275,0,[451 246 570 346]
000000004275,0,[180 129 546 402]
000000004275,0,[328 50 440 225]
000000004275,0,[379 121 470 217]
000000004275,0,[325 -2 441 92]
000000004275,0,[336 149 473 393]
000000004275,0,[371 365 475 448]
000000004283,0,[138 276 338 595]
000000004283,0,[85 79 326 286]
000000004286,0,[171 61 486 213]
000000004286,0,[426 423 563 477]
000000004296,0,[166 432 346 523]
000000004296,0,[240 277 398 394]
000000004296,0,[324 561 362 592]
000000004296,0,[263 164 279 243]
000000004296,0,[349 513 371 552]
000000004296,0,[326 370 462 585]
000000004296,0,[219 388 258 410]
000000004312,0,[8 128 349 423]
000000004312,0,[17 351 114 480]
000000004312,0,[68 17 96 55]
000000004312,0,[316 356 416 479]
000000004312,0,[58 52 96 98]
000000004312,0,[66 98 124 144]
000000004312,0,[379 41 635 473]
000000004312,0,[379 41 635 473]
000000004312,0,[322 317 395 387]
000000004338,0,[279 275 342 347]
000000004355,0,[-1 75 80 159]
000000004355,0,[86 5 366 154]
000000004355,0,[86 268 415 583]
000000004355,0,[98 60 172 144]
000000004359,0,[75 364 203 402]
000000004359,0,[-18 41 416 611]
000000004359,0,[62 28 519 162]
000000004359,0,[74 397 206 428]
000000004359,0,[76 257 214 304]
000000004359,0,[72 311 212 349]
000000004359,0,[79 302 198 326]
000000004359,0,[209 96 218 111]
000000004359,0,[76 242 204 266]
000000004375,0,[223 178 261 196]
000000004375,0,[231 46 281 64]
000000004375,0,[219 149 265 164]
000000004375,0,[221 195 263 211]
000000004375,0,[214 212 252 225]
000000004375,0,[185 239 210 248]
000000004375,0,[214 223 251 233]
000000004375,0,[194 338 219 353]
000000004375,0,[189 415 216 425]
000000004375,0,[188 280 210 288]
000000004375,0,[187 253 208 263]
000000004375,0,[183 460 206 470]
000000004375,0,[172 231 190 237]
000000004375,0,[164 334 193 343]
000000004375,0,[183 477 205 487]
000000004375,0,[189 445 206 454]
000000004375,0,[157 180 230 473]
000000004375,0,[188 305 212 315]
000000004375,0,[167 346 190 355]
000000004375,0,[189 298 217 314]
000000004375,0,[250 215 253 237]
000000004375,0,[258 173 263 199]
000000004375,0,[189 386 215 396]
000000004375,0,[215 299 220 311]
000000004375,0,[201 368 221 378]
000000004375,0,[163 298 179 304]
000000004375,0,[257 198 262 213]
000000004386,0,[20 33 610 420]
000000004386,0,[214 180 271 241]
000000004386,0,[209 113 221 150]
000000004392,0,[54 101 143 316]
000000004392,0,[54 101 143 316]
000000004395,0,[25 -9 624 431]
000000004395,0,[255 174 663 271]
000000004396,0,[140 15 591 413]
000000004438,0,[227 86 488 284]
000000004495,0,[111 193 173 259]
000000004495,0,[157 8 317 152]
000000004495,0,[191 204 370 497]
000000004497,0,[11 180 376 570]
000000004498,0,[74 128 568 371]
000000004498,0,[523 215 578 380]
000000004498,0,[144 361 222 466]
000000004498,0,[169 309 228 362]
000000004498,0,[169 263 216 318]
000000004498,0,[139 148 220 203]
000000004509,0,[54 68 521 330]
000000004509,0,[257 5 612 411]
000000004551,0,[430 184 452 251]
000000004551,0,[424 274 466 290]
000000004551,0,[427 135 449 196]
000000004551,0,[329 214 344 246]
000000004551,0,[424 80 451 90]
000000004551,0,[311 528 323 558]
000000004551,0,[288 223 299 238]
000000004551,0,[231 82 287 172]
000000004551,0,[316 55 348 177]
000000004551,0,[221 161 229 171]
000000004551,0,[429 531 457 544]
000000004551,0,[420 17 438 25]
000000004551,0,[236 603 250 624]
000000004551,0,[416 298 464 312]
000000004551,0,[421 77 445 88]
000000004551,0,[432 265 450 272]
000000004551,0,[421 617 436 624]
000000004554,0,[70 35 249 171]
000000004554,0,[137 165 366 291]
000000004554,0,[6 167 65 210]
000000004554,0,[17 10 90 58]
000000004554,0,[14 257 85 286]
000000004554,0,[17 281 84 304]
000000004576,0,[280 307 358 352]
000000004576,0,[284 30 419 84]
000000004576,0,[279 191 376 279]
000000004576,0,[287 0 412 37]
000000004576,0,[277 111 404 166]
000000004576,0,[263 298 290 374]
000000004576,0,[286 71 415 129]
000000004576,0,[294 116 339 152]
000000004576,0,[239 295 261 314]
000000004576,0,[262 213 291 285]
000000004576,0,[284 482 365 515]
000000004576,0,[259 103 284 180]
000000004576,0,[291 433 369 457]
000000004576,0,[286 167 379 204]
000000004576,0,[281 392 365 424]
000000004576,0,[281 461 369 491]
000000004576,0,[274 445 291 493]
000000004576,0,[283 11 299 57]
000000004576,0,[282 387 355 410]
000000004576,0,[286 286 351 311]
000000004576,0,[285 405 350 430]
000000004592,0,[41 26 272 638]
000000004592,0,[231 58 283 102]
000000004592,0,[226 228 252 258]
000000004592,0,[220 524 262 568]
000000004592,0,[217 491 260 521]
000000004592,0,[198 435 236 463]
000000004592,0,[183 275 227 301]
000000004592,0,[176 473 213 499]
000000004592,0,[186 25 226 54]
000000004620,0,[3 49 92 165]
000000004620,0,[24 0 163 33]
000000004620,0,[62 128 266 312]
000000004620,0,[59 313 269 506]
000000004665,0,[32 0 483 326]
000000004665,0,[291 179 479 235]
000000004665,0,[32 218 474 631]
000000004678,0,[318 110 387 133]
000000004678,0,[351 199 404 245]
000000004678,0,[367 80 393 102]
000000004678,0,[319 133 346 140]
000000004678,0,[333 173 344 184]
000000004678,0,[341 184 357 197]
000000004678,0,[327 175 340 184]
000000004688,0,[170 434 398 530]
000000004688,0,[52 16 204 156]
000000004700,0,[64 203 235 307]
000000004700,0,[260 267 301 308]
000000004700,0,[61 483 308 582]
000000004700,0,[84 331 282 430]
000000004700,0,[75 466 121 480]
000000004700,0,[74 302 285 371]
000000004700,0,[79 583 129 604]
000000004700,0,[80 612 133 631]
000000004700,0,[32 0 58 44]
000000004700,0,[39 40 59 65]
000000004700,0,[75 288 125 314]
000000004700,0,[60 430 112 446]
000000004700,0,[61 476 194 520]
000000004700,0,[48 -1 98 13]
000000004700,0,[35 62 59 120]
000000004700,0,[84 538 269 614]
000000004700,0,[79 628 135 639]
000000004700,0,[41 142 60 190]
000000004700,0,[76 400 143 420]
000000004731,0,[181 271 355 376]
000000004731,0,[72 400 367 555]
000000004731,0,[146 306 363 419]
000000004731,0,[364 532 409 568]
000000004731,0,[239 2 410 144]
000000004731,0,[260 223 279 283]
000000004731,0,[372 490 387 507]
000000004731,0,[366 403 393 439]
000000004731,0,[362 388 375 411]
000000004731,0,[372 482 385 495]
000000004736,0,[168 435 332 579]
000000004736,0,[147 5 243 101]
000000004736,0,[197 337 331 475]
000000004736,0,[176 317 224 359]
000000004736,0,[173 612 211 634]
000000004736,0,[140 387 212 468]
000000004736,0,[118 344 140 405]
000000004736,0,[115 514 140 585]
000000004736,0,[121 137 136 169]
000000004736,0,[118 44 138 97]
000000004742,0,[128 268 327 468]
000000004749,0,[37 42 400 593]
000000004749,0,[78 255 236 487]
000000004754,0,[193 426 316 628]
000000004754,0,[194 293 309 440]
000000004754,0,[188 160 304 296]
000000004754,0,[194 5 297 179]
000000004754,0,[123 341 140 363]
000000004754,0,[140 437 180 492]
000000004754,0,[101 -23 161 639]
000000004760,0,[176 326 256 436]
000000004760,0,[200 43 343 265]
000000004760,0,[304 209 491 252]
000000004764,0,[15 19 351 623]
000000004764,0,[0 422 157 536]
000000004764,0,[50 550 199 620]
000000004765,0,[135 212 383 400]
000000004765,0,[324 239 416 537]
000000004772,0,[118 8 406 274]
000000004795,0,[130 179 466 540]
000000004795,0,[190 2 473 181]
000000004795,0,[-17 65 394 657]
000000004840,0,[259 334 299 484]
000000004840,0,[59 349 272 481]
000000004840,0,[205 547 365 608]
000000004916,0,[18 72 399 254]
000000004916,0,[111 221 391 362]
000000004916,0,[147 4 345 89]
000000004916,0,[111 361 167 421]
000000004936,0,[140 404 352 636]
000000004936,0,[132 368 224 455]
000000004936,0,[135 293 180 357]
000000004936,0,[100 354 132 396]
000000004972,0,[50 246 296 371]
000000004972,0,[11 351 318 647]
000000004975,0,[103 421 482 647]
000000004975,0,[96 42 486 295]
000000004975,0,[180 397 328 520]
000000004975,0,[118 306 261 570]
000000004975,0,[-8 287 197 636]
000000004975,0,[144 0 466 82]
000000004975,0,[164 244 483 334]
000000004979,0,[203 43 372 206]
000000004979,0,[116 41 644 410]
000000004980,0,[336 93 487 249]
000000004980,0,[23 164 619 329]
000000004980,0,[11 0 541 440]
000000004988,0,[144 79 381 426]
000000004988,0,[181 413 218 453]
000000004988,0,[213 -1 344 83]
000000005001,0,[100 354 478 518]
000000005001,0,[219 89 484 193]
000000005001,0,[50 297 146 361]
000000005001,0,[55 345 160 407]
000000005001,0,[100 37 356 201]
000000005001,0,[37 435 173 509]
000000005001,0,[277 183 468 358]
000000005001,0,[32 173 217 260]
000000005001,0,[36 8 184 77]
000000005001,0,[27 529 376 633]
000000005001,0,[66 212 294 315]
000000005032,0,[34 298 440 472]
000000005032,0,[16 213 429 349]
000000005032,0,[393 120 466 514]
000000005037,0,[25 101 374 573]
000000005037,0,[191 618 365 640]
000000005037,0,[219 10 245 24]
000000005037,0,[222 25 247 39]
000000005037,0,[250 573 268 600]
000000005038,0,[163 385 439 616]
000000005038,0,[193 56 476 614]
000000005038,0,[287 40 338 57]
000000005060,0,[305 161 500 319]
000000005064,0,[186 55 359 149]
000000005064,0,[157 312 333 484]
000000005064,0,[224 162 358 288]
000000005064,0,[195 54 246 84]
000000005064,0,[318 262 345 289]
000000005064,0,[158 101 202 128]
000000005064,0,[127 462 170 487]
000000005064,0,[192 254 254 299]
000000005064,0,[196 294 244 340]
000000005064,0,[190 234 258 281]
000000005064,0,[149 124 263 158]
000000005064,0,[129 576 170 601]
000000005064,0,[163 511 230 554]
000000005076,0,[476 27 568 206]
000000005105,0,[123 185 325 280]
000000005105,0,[303 194 333 287]
000000005105,0,[166 512 203 532]
000000005105,0,[173 139 197 148]
000000005107,0,[228 329 436 399]
000000005107,0,[74 35 400 434]
000000005107,0,[233 450 433 508]
000000005107,0,[206 504 479 603]
000000005107,0,[217 287 383 321]
000000005107,0,[269 398 432 444]
